11.869167 8.933091 13.099895 65.38 
9.685460 9.728484 10.798826 65.38 
12.237142 12.497930 11.469473 65.38 
12.607910 10.659606 10.464536 65.38 
11.776849 14.292767 12.595710 15.999 
11.297745 11.202588 11.223575 15.999 
11.576755 9.546341 9.553482 15.999 
14.112173 9.296538 10.978452 15.999 
14.083425 12.551588 10.272311 1.00784 
14.416599 7.964268 11.484656 1.00784 
11.093914 9.530175 8.596815 1.00784 
8.484418 10.608353 10.232904 1.00784 
13.554744 12.365438 10.522873 15.999 
11.122137 14.368369 12.765143 1.00784 
*
11.568233 9.048108 12.949392 65.38 
10.112086 9.552388 10.742931 65.38 
11.898968 12.586377 11.486423 65.38 
12.685565 10.595106 10.270567 15.999 
11.850249 13.818399 12.802686 15.999 
11.052763 11.611149 11.383416 15.999 
12.136124 9.828599 10.017288 15.999 
14.370802 9.377400 11.417568 1.00784 
14.095141 12.127546 10.210608 1.00784 
14.142548 7.957391 11.799537 1.00784 
11.445392 9.523034 8.293397 1.00784 
9.043954 10.364451 10.226283 15.999 
13.400763 12.246103 10.821618 1.00784 
11.402450 14.633882 12.795716 65.38 
*
11.477428 9.244436 12.716442 65.38 
10.705895 9.622194 10.795733 65.38 
11.548188 12.651375 11.465903 15.999 
12.369203 10.426376 10.487463 15.999 
12.293997 14.185091 13.008997 15.999 
11.486899 11.308794 10.951782 15.999 
11.765340 9.748716 10.191474 1.00784 
14.432859 8.972797 11.656714 1.00784 
14.661415 11.700267 10.367121 1.00784 
14.174653 7.874828 11.867816 1.00784 
11.499771 9.238377 7.975240 15.999 
9.014693 10.054299 10.110414 1.00784 
13.434256 12.101422 10.586624 65.38 
11.859846 14.169989 12.698192 65.38 
*
11.866685 8.985386 12.991835 65.38 
10.608492 9.403069 10.791701 15.999 
11.126838 13.222613 11.713382 15.999 
12.397958 10.313212 10.109129 15.999 
12.236417 14.595948 12.923159 15.999 
11.887189 11.087859 10.583602 1.00784 
11.753037 9.497940 10.421514 1.00784 
14.746637 8.915960 11.851832 1.00784 
14.512456 12.199318 10.339577 1.00784 
13.738144 8.124402 11.581489 15.999 
11.918302 9.026044 8.021653 1.00784 
9.013171 10.594946 10.231729 65.38 
13.223531 12.206733 10.079400 65.38 
11.682652 14.593267 12.239674 65.38 
*
11.940325 9.192699 12.817874 15.999 
10.732016 8.954163 10.846949 15.999 
10.741607 13.445473 12.095848 15.999 
12.513802 10.527625 9.920782 15.999 
12.513087 14.793346 12.793989 1.00784 
12.148223 11.253378 10.735241 1.00784 
11.189905 9.344333 10.048663 1.00784 
15.086319 8.667862 11.845963 1.00784 
14.623026 11.913482 10.267588 15.999 
13.613439 7.423829 11.590997 1.00784 
11.713199 8.426430 8.440738 65.38 
8.513901 9.889447 10.742216 65.38 
13.279431 11.590321 10.061678 65.38 
11.210529 14.592192 12.417383 65.38 
*
12.294119 9.414300 12.843792 15.999 
10.570066 8.740272 10.529695 15.999 
10.370406 13.298522 12.208603 15.999 
12.586804 10.555187 9.968190 1.00784 
12.857372 14.764277 13.160290 1.00784 
12.394473 11.299213 11.208050 1.00784 
10.827624 9.018577 9.944728 1.00784 
15.273857 8.947968 11.381970 15.999 
14.762818 12.177244 10.429032 1.00784 
13.923653 7.142409 12.087538 65.38 
11.790633 8.147098 8.696839 65.38 
7.968033 10.313126 10.616168 65.38 
13.300562 12.028659 10.303973 65.38 
11.192436 15.210231 11.987494 15.999 
*
12.063802 9.053329 12.570263 15.999 
10.540159 8.940102 10.515264 15.999 
10.682541 13.314936 12.182160 1.00784 
12.785487 10.728819 10.139487 1.00784 
12.459536 15.155148 13.281170 1.00784 
12.392843 11.011669 11.185083 1.00784 
10.500247 8.797446 10.210494 15.999 
15.523294 8.985069 11.707711 1.00784 
14.823358 12.202718 9.887125 65.38 
13.954562 6.808488 11.688895 65.38 
11.947531 7.791628 8.301964 65.38 
7.506114 10.447718 10.487074 65.38 
12.794236 12.001778 10.281319 15.999 
10.766013 15.572276 12.151031 15.999 
*
12.126972 8.940863 12.771924 15.999 
10.656269 8.725119 10.549914 1.00784 
10.654173 13.017696 11.723526 1.00784 
12.938815 11.038142 10.418789 1.00784 
12.108723 15.527372 13.210893 1.00784 
12.030135 11.592444 11.119092 15.999 
10.070010 8.866186 10.362176 1.00784 
15.321341 9.569951 11.696548 65.38 
14.279475 11.986171 9.583963 65.38 
13.445839 6.827547 12.019064 65.38 
11.741972 7.654216 8.516625 65.38 
7.221032 10.517479 10.371537 15.999 
13.034422 11.705526 10.040526 15.999 
10.122848 15.494270 12.083622 15.999 
*
12.431559 8.784393 12.732088 1.00784 
10.083763 8.681422 10.035177 1.00784 
10.744041 13.903969 12.495538 1.00784 
13.063278 10.530584 10.497390 1.00784 
12.401871 15.036771 12.822329 15.999 
12.318172 10.818936 11.489962 1.00784 
10.301004 9.362384 9.740724 65.38 
14.991626 8.880667 11.403083 65.38 
14.661222 12.837634 9.587197 65.38 
13.624759 7.310072 12.001790 65.38 
11.538178 8.275066 8.310230 15.999 
7.281917 10.870353 10.233228 15.999 
12.735528 12.257803 9.799016 15.999 
10.267225 15.968608 11.876579 15.999 
*
12.125877 8.800946 12.526959 1.00784 
10.564896 8.853471 10.235745 1.00784 
10.552262 13.390701 12.589995 1.00784 
12.898457 10.670983 9.953123 15.999 
12.297907 15.531928 13.505788 1.00784 
12.678932 10.842597 10.841580 65.38 
10.469598 9.050790 10.159577 65.38 
15.467945 9.443913 11.929506 65.38 
14.290547 12.149021 10.219548 65.38 
14.138016 7.064350 12.059989 15.999 
11.577775 7.423366 8.829525 15.999 
7.198994 10.533042 10.928588 15.999 
12.562013 12.392400 10.507249 15.999 
10.359578 15.678488 12.641061 1.00784 
*
12.232969 9.233638 12.819884 1.00784 
10.462121 8.622691 10.127113 1.00784 
10.963894 13.691040 12.293717 15.999 
12.272907 10.387949 10.237251 1.00784 
12.831710 15.562879 13.186160 65.38 
12.644455 10.645865 11.334464 65.38 
10.127779 8.444172 9.750101 65.38 
15.474877 9.426033 12.064122 65.38 
14.450441 12.056407 9.842217 15.999 
14.117141 6.479649 11.700160 15.999 
11.432291 7.957009 8.396697 15.999 
7.693250 10.772917 10.724327 15.999 
13.174211 12.296076 10.022475 1.00784 
11.139903 15.435808 12.156919 1.00784 
*
11.844746 8.939316 12.504922 1.00784 
10.742357 9.242656 10.732839 15.999 
10.257861 13.281464 11.783602 1.00784 
13.204533 10.589035 9.939416 65.38 
12.453570 15.202424 13.729282 65.38 
12.152986 11.197617 11.650529 65.38 
10.810548 8.921598 10.791952 65.38 
15.150791 8.764967 11.917039 15.999 
14.666379 11.943166 10.418823 15.999 
13.922261 6.956535 11.622138 15.999 
12.338790 7.860084 8.472580 15.999 
7.891709 10.629729 10.237306 1.00784 
13.129503 11.765991 10.386971 1.00784 
11.204848 16.005574 11.990678 1.00784 
*
11.802326 8.681865 12.659102 15.999 
10.685885 8.559240 10.230888 1.00784 
10.465212 13.740813 11.861138 65.38 
12.729073 11.091378 10.691982 65.38 
12.441921 15.656495 13.444800 65.38 
12.893898 11.231469 11.036414 65.38 
10.845444 8.447684 10.040785 15.999 
15.868467 8.567728 11.459582 15.999 
14.375546 12.464863 10.082553 15.999 
13.915079 7.037683 11.306773 15.999 
11.672910 7.554001 8.434516 1.00784 
7.138588 10.990079 10.719603 1.00784 
13.285073 11.862463 10.504757 1.00784 
10.737049 15.374808 12.489881 1.00784 
*
11.657779 8.857752 12.804180 1.00784 
10.594502 9.376973 10.295603 65.38 
10.834266 12.835551 12.166651 65.38 
13.176038 11.003471 10.179538 65.38 
12.027039 15.006694 13.078389 65.38 
12.454192 11.236550 11.426584 15.999 
10.133689 8.556066 10.099962 15.999 
15.649508 9.204212 11.756201 15.999 
14.545780 12.676181 9.737536 15.999 
14.040265 7.235817 11.956472 1.00784 
11.979132 8.192987 8.699127 1.00784 
7.041667 10.330843 10.804502 1.00784 
12.691468 11.745453 10.065753 1.00784 
10.365246 15.223963 12.593650 15.999 
*
12.001212 8.835118 12.504114 65.38 
10.242737 8.641875 10.912835 65.38 
10.816622 13.564795 12.197953 65.38 
12.873545 10.874206 9.997875 65.38 
12.612316 15.582045 12.806850 15.999 
12.768879 11.378593 11.356153 15.999 
10.468317 8.836796 10.209987 15.999 
15.848076 8.844496 11.551963 15.999 
14.370702 12.403457 9.630787 1.00784 
14.450533 7.240964 11.470413 1.00784 
12.067530 7.483572 8.609663 1.00784 
7.583986 10.713039 10.369724 1.00784 
12.549798 11.733306 9.894069 15.999 
10.305538 16.110720 12.539554 1.00784 
*
11.909053 9.151582 12.874072 65.38 
10.565053 8.647404 10.766303 65.38 
11.175857 13.458742 11.808710 65.38 
12.411511 10.563159 10.266408 15.999 
12.686527 15.467358 12.921957 15.999 
12.287946 11.303518 10.894575 15.999 
10.759662 8.786994 9.929361 15.999 
15.612983 9.264288 11.589019 1.00784 
14.058011 12.487855 9.115280 1.00784 
14.280670 7.019232 11.401002 1.00784 
11.931541 7.518252 8.545272 1.00784 
7.593455 11.089511 10.497921 15.999 
12.393670 11.907668 10.081138 1.00784 
10.694817 16.377667 12.794451 65.38 
*
11.490658 9.284634 12.545070 65.38 
10.416164 8.451530 10.576632 65.38 
11.555202 13.348822 12.287267 15.999 
12.645607 10.719975 10.409279 15.999 
12.518119 15.637525 12.921061 15.999 
12.603897 11.157275 10.556943 15.999 
10.432768 9.105973 10.058898 1.00784 
15.773353 8.822627 11.500250 1.00784 
13.769282 12.056742 8.901244 1.00784 
14.399446 7.262820 11.178163 1.00784 
12.314273 7.380242 9.088987 15.999 
7.373306 11.080970 10.552011 1.00784 
12.251417 12.093855 9.970834 65.38 
10.267435 16.357047 12.445510 65.38 
*
11.720158 9.281096 12.966808 65.38 
10.254120 8.452199 10.612953 15.999 
11.648718 13.589409 11.938251 15.999 
12.295213 10.372515 10.369609 15.999 
12.428786 15.290885 12.732221 15.999 
12.624315 11.527748 10.881800 1.00784 
10.854735 8.989906 9.722935 1.00784 
15.574689 9.291343 11.103273 1.00784 
14.116210 13.082237 9.384215 1.00784 
14.734889 7.625788 11.010981 15.999 
12.021758 7.938165 8.541017 1.00784 
7.958636 11.113431 9.915274 65.38 
12.790206 12.062993 10.348480 65.38 
10.576319 16.010515 12.295154 65.38 
*
11.961076 8.841738 13.170085 15.999 
10.882814 8.897569 11.068221 15.999 
10.946234 13.222063 11.679394 15.999 
12.420100 10.310719 10.036815 15.999 
12.556852 16.050410 12.791894 1.00784 
11.865505 11.738649 10.606078 1.00784 
11.117411 9.143057 9.908241 1.00784 
15.464191 9.875019 11.244167 1.00784 
13.635529 12.239902 9.291420 15.999 
14.150738 7.237189 11.181517 1.00784 
12.321543 7.825352 8.852940 65.38 
7.935206 11.250305 10.086184 65.38 
12.141536 12.137011 9.927203 65.38 
10.315969 16.389635 12.333954 65.38 
*
12.210490 8.876310 12.535021 15.999 
10.647987 8.954489 10.525732 15.999 
10.863215 13.462875 11.860633 15.999 
12.442115 10.289901 10.343878 1.00784 
12.321517 15.331119 13.101160 1.00784 
12.181174 11.516965 11.377213 1.00784 
10.653313 9.078727 10.158606 1.00784 
15.392526 9.843395 12.020634 15.999 
14.611102 12.124586 9.364583 1.00784 
14.741042 6.791308 11.577028 65.38 
12.305086 7.502224 8.752471 65.38 
7.896936 11.308986 10.549943 65.38 
12.659641 11.950524 10.570976 65.38 
10.820652 16.430043 12.543599 15.999 
*
12.153484 9.342405 13.303225 15.999 
10.710631 8.531994 10.611936 15.999 
10.965799 13.315106 11.530850 1.00784 
12.299760 10.413081 10.059095 1.00784 
12.275637 15.100240 12.793712 1.00784 
12.474521 11.904806 10.864573 1.00784 
10.992169 9.134069 10.479895 15.999 
15.811500 9.376189 12.253680 1.00784 
13.593128 12.706833 9.694778 65.38 
13.969218 6.715567 11.415169 65.38 
12.206487 7.392263 9.010138 65.38 
7.066986 11.554737 10.257860 65.38 
11.999377 12.056244 9.813084 15.999 
10.276433 16.922534 13.100512 15.999 
*
11.803517 8.960420 13.217504 15.999 
10.783478 8.912718 11.023591 1.00784 
11.405418 13.790389 11.425078 1.00784 
12.260441 10.303203 9.845882 1.00784 
12.866160 15.162451 12.826965 1.00784 
12.020907 11.262084 11.151728 15.999 
10.558428 8.813875 9.896550 1.00784 
15.702580 8.930662 12.029361 65.38 
13.776854 12.890060 8.927141 65.38 
13.884715 7.300922 11.301067 65.38 
12.153804 7.144889 8.371627 65.38 
7.783374 11.094728 10.874639 15.999 
11.862985 11.932491 10.356226 15.999 
10.128915 16.574150 12.666202 15.999 
*
12.202892 9.249858 12.629589 1.00784 
10.888707 8.942984 11.039973 1.00784 
11.063011 13.200619 11.744375 1.00784 
11.986287 10.575253 10.280480 1.00784 
12.467344 15.337211 12.668253 15.999 
12.351690 11.420675 10.910345 1.00784 
11.126333 8.585602 10.196020 65.38 
15.405312 9.222648 11.323617 65.38 
14.328965 12.530577 8.860898 65.38 
14.013734 7.166394 10.865538 65.38 
11.689974 7.760831 8.268869 15.999 
7.611430 10.963252 9.937332 15.999 
12.072477 11.571812 10.491442 15.999 
10.804366 15.877540 13.032478 15.999 
*
11.627873 8.761912 12.671098 1.00784 
10.612722 8.642214 11.169302 1.00784 
11.131545 13.732973 11.586806 1.00784 
12.408336 10.627435 10.101143 15.999 
13.004582 15.629555 13.244162 1.00784 
12.661835 11.581801 10.805828 65.38 
11.009108 8.551734 9.827140 65.38 
15.620230 8.878438 12.023733 65.38 
14.002826 12.032937 9.098797 65.38 
14.222846 6.835214 11.278242 15.999 
11.543181 7.146488 8.771334 15.999 
7.385373 11.178347 10.459963 15.999 
12.609688 12.369688 10.259879 15.999 
11.144730 16.488318 13.064221 1.00784 
*
11.999763 8.733436 12.988430 1.00784 
10.811225 8.891732 10.666186 1.00784 
10.631814 13.253335 11.711975 15.999 
12.440651 11.006142 10.092674 1.00784 
12.722270 15.703926 13.584439 65.38 
12.306455 11.362714 11.052186 65.38 
11.125471 8.918165 9.630472 65.38 
15.773668 8.539970 12.021364 65.38 
13.963272 11.533686 8.925150 15.999 
14.357531 7.299848 10.798304 15.999 
11.641328 7.470404 8.957255 15.999 
7.414237 11.290109 10.445149 15.999 
12.554437 11.948939 10.206020 1.00784 
10.959464 16.828073 12.730416 1.00784 
*
11.522952 8.976141 13.077409 1.00784 
11.136756 8.452681 10.882708 15.999 
11.154584 13.874411 11.578514 1.00784 
12.149795 10.410765 9.921493 65.38 
12.542106 15.409820 13.570151 65.38 
12.951524 11.687893 11.054260 65.38 
10.579212 8.887229 9.935059 65.38 
15.595758 8.757564 11.964870 15.999 
14.296113 12.049390 8.759979 15.999 
14.519911 6.627203 11.511109 15.999 
11.948769 7.510202 9.045248 15.999 
7.886287 11.474791 10.095852 1.00784 
12.405615 12.463417 9.922206 1.00784 
10.931893 16.207210 13.149139 1.00784 
*
11.982205 9.034462 12.576690 15.999 
10.514248 8.832149 11.181208 1.00784 
10.893615 13.788038 11.141515 65.38 
12.693789 10.195112 10.637667 65.38 
13.056680 15.107286 12.913627 65.38 
12.463311 11.928547 11.036757 65.38 
10.750728 8.771309 9.963593 15.999 
15.211981 8.634462 12.225164 15.999 
13.585712 11.858869 9.278770 15.999 
13.982124 7.112501 11.403426 15.999 
11.619702 6.699912 8.362361 1.00784 
6.907730 10.817146 10.877380 1.00784 
12.270916 12.262696 9.970088 1.00784 
10.807841 16.536414 13.001840 1.00784 
*
11.840891 8.933643 12.933271 1.00784 
10.299066 8.474691 11.342670 65.38 
10.841503 13.706011 11.216039 65.38 
13.128511 10.637515 10.190564 65.38 
13.140704 15.129173 13.165774 65.38 
12.454227 11.620426 10.881124 15.999 
10.503714 9.305280 9.792971 15.999 
14.926496 8.618361 12.026842 15.999 
13.269876 11.506898 9.047290 15.999 
14.117567 7.456480 11.803677 1.00784 
11.324335 6.499335 7.954093 1.00784 
7.324457 10.977712 10.833208 1.00784 
12.599059 12.452916 9.657766 1.00784 
11.227254 16.238669 13.131742 15.999 
*
12.529156 8.726679 12.179222 65.38 
10.189379 9.292414 11.382339 65.38 
11.131888 13.800996 11.535861 65.38 
12.366788 9.921987 10.510428 65.38 
12.716605 15.396067 12.793961 15.999 
12.260194 11.713334 11.371337 15.999 
10.736077 8.683327 9.391497 15.999 
15.499145 8.920003 12.472376 15.999 
13.709464 12.208179 9.338210 1.00784 
14.328905 7.183966 11.205067 1.00784 
11.452234 6.459559 8.695974 1.00784 
6.506950 10.634321 10.911028 1.00784 
11.976752 12.449346 9.787707 15.999 
11.221245 16.257616 12.823493 1.00784 
*
11.565583 8.901714 12.424499 65.38 
10.093866 9.139499 11.437724 65.38 
11.067948 13.562495 11.245000 65.38 
13.142727 10.183107 10.593247 15.999 
13.495891 15.512894 12.405151 15.999 
12.940547 11.621493 11.255690 15.999 
10.367379 8.901365 9.744497 15.999 
15.063767 8.672624 11.920161 1.00784 
13.934984 12.227855 9.583935 1.00784 
14.256643 6.726224 11.732170 1.00784 
11.468732 6.301949 8.755545 1.00784 
6.611990 10.438364 10.511620 15.999 
12.758414 12.296480 10.060307 1.00784 
10.647184 16.642704 13.225141 65.38 
*
11.533944 8.913637 12.563694 65.38 
10.221068 9.021119 11.137582 65.38 
10.905654 13.469650 11.237082 15.999 
13.308892 10.111123 10.648672 15.999 
13.909245 15.986538 12.818433 15.999 
12.919971 12.048838 10.922711 15.999 
10.261475 8.683735 9.712595 1.00784 
14.683649 8.824053 12.010550 1.00784 
13.588652 12.727724 9.261351 1.00784 
14.544449 7.208234 12.033547 1.00784 
11.469998 6.834950 8.317678 15.999 
7.010557 10.426334 10.185065 1.00784 
12.440527 12.451917 10.426826 65.38 
10.382029 17.018969 13.348301 65.38 
*
11.645763 9.067226 12.887972 65.38 
10.386478 9.230026 11.256460 15.999 
10.562497 13.254998 11.254055 15.999 
13.521921 9.838694 10.459923 15.999 
13.717071 16.430732 12.602824 15.999 
12.492995 12.087149 10.593603 1.00784 
10.399395 8.241589 9.803811 1.00784 
14.800239 8.848820 11.652744 1.00784 
13.764427 13.034454 9.248750 1.00784 
14.301647 6.735582 12.027232 15.999 
11.736106 7.250307 8.448363 1.00784 
6.299085 10.609889 10.237179 65.38 
12.268539 12.844683 10.126475 65.38 
9.870751 17.399033 13.226673 65.38 
*
11.170451 8.758736 12.760633 15.999 
10.556957 8.662356 11.035685 15.999 
10.639554 13.532153 10.997335 15.999 
13.520212 10.543849 10.880860 15.999 
14.112303 16.395021 13.060389 1.00784 
12.621930 12.096291 10.948065 1.00784 
10.091326 8.530128 9.567926 1.00784 
15.059641 8.856662 12.054062 1.00784 
13.676202 13.072795 8.947211 15.999 
14.768111 6.785203 11.663892 1.00784 
11.121053 6.941247 8.192693 65.38 
6.666238 10.673662 9.832533 65.38 
12.681878 12.182323 10.002081 65.38 
10.517241 16.901838 12.939748 65.38 
*
11.246679 8.409910 12.594095 15.999 
9.981468 9.151831 11.013282 15.999 
11.201578 13.816124 10.903900 15.999 
13.558176 10.374198 10.953109 1.00784 
14.329600 15.966741 13.162284 1.00784 
12.702539 12.127576 10.671470 1.00784 
10.419475 8.343365 9.760219 1.00784 
14.410679 8.704549 12.174122 15.999 
13.104805 12.832975 8.892258 1.00784 
14.932790 6.971395 11.957708 65.38 
10.918411 6.303710 7.781548 65.38 
6.803464 10.212236 10.261201 65.38 
12.334356 11.946178 10.692673 65.38 
10.335665 16.944695 13.166419 15.999 
*
11.242806 8.662371 12.178225 15.999 
10.218400 8.739211 11.351527 15.999 
11.030515 13.980388 11.491540 1.00784 
13.275397 10.218862 10.397639 1.00784 
14.070044 15.539210 13.088498 1.00784 
13.454172 12.049602 11.442652 1.00784 
10.336778 8.223497 9.412072 15.999 
14.887527 9.234460 11.923738 1.00784 
13.732086 12.874905 9.231501 65.38 
14.826803 7.090183 12.136523 65.38 
11.730213 6.560207 7.887468 65.38 
7.121941 10.233518 10.135978 65.38 
12.235846 12.628170 10.716669 15.999 
10.501552 17.005916 13.665964 15.999 
*
11.716108 8.604103 12.569565 15.999 
10.433790 9.103825 10.840895 1.00784 
10.598371 13.589910 11.731857 1.00784 
13.386996 10.371799 10.365794 1.00784 
13.608264 15.555204 12.537866 1.00784 
12.767333 12.254273 11.338893 15.999 
10.046642 8.491573 9.987281 1.00784 
15.113022 8.830459 11.619464 65.38 
14.046668 13.127000 9.542602 65.38 
14.734546 7.387089 12.485600 65.38 
11.608168 7.053060 8.401666 65.38 
7.099491 10.541104 10.052670 15.999 
11.952095 12.152811 10.694850 15.999 
10.305836 17.393499 13.223031 15.999 
*
11.452787 9.014548 12.327000 1.00784 
10.183548 9.085610 10.618758 1.00784 
10.602116 13.777120 11.725842 1.00784 
13.919603 9.959875 10.607908 1.00784 
13.265894 15.280948 13.016212 15.999 
13.244473 12.571899 11.506743 1.00784 
9.947347 8.048024 9.891557 65.38 
15.245658 8.647988 11.923222 65.38 
14.202406 13.127846 9.129397 65.38 
15.173998 7.591454 12.093923 65.38 
11.641243 7.157382 8.855128 15.999 
6.986367 10.382647 10.256152 15.999 
11.685436 12.073241 10.768651 15.999 
9.876895 16.887892 13.468725 15.999 
*
11.377467 8.714699 12.591316 1.00784 
10.048886 9.536745 10.325164 1.00784 
10.704316 13.878759 11.728866 1.00784 
13.865123 9.714365 10.736899 15.999 
13.541001 15.156035 12.571604 1.00784 
13.414534 13.027500 11.362887 65.38 
10.151364 7.790653 10.145254 65.38 
15.297927 8.766494 11.780897 65.38 
14.302632 12.938922 8.544891 65.38 
15.111139 7.950797 11.451406 15.999 
11.588776 7.060036 8.719069 15.999 
7.145811 10.230475 9.804814 15.999 
11.616956 11.839389 10.974909 15.999 
10.210437 17.153254 12.918183 1.00784 
*
11.398263 9.422971 12.488121 1.00784 
10.589511 9.255723 10.468468 1.00784 
10.326143 13.488450 12.119189 15.999 
13.724206 9.984215 10.350057 1.00784 
13.144792 14.929753 12.873577 65.38 
13.256701 12.235374 11.461434 65.38 
10.064716 8.220555 9.785580 65.38 
15.443881 8.264148 11.799544 65.38 
14.133778 13.222346 8.956654 15.999 
15.788947 7.486960 12.376168 15.999 
11.824631 6.834665 9.346040 15.999 
7.212134 10.017006 10.235813 15.999 
11.893109 11.710582 10.547681 1.00784 
10.123061 17.232056 13.533064 1.00784 
*
11.113250 8.957780 12.549019 1.00784 
10.553509 9.618621 10.767900 15.999 
10.344604 13.013488 11.648944 1.00784 
14.113875 10.382713 10.580885 65.38 
12.891538 15.301601 12.335383 65.38 
13.619751 12.380611 11.507962 65.38 
9.813900 7.835423 9.616924 65.38 
15.281818 8.695336 11.839881 15.999 
14.375108 13.207118 8.388342 15.999 
15.782823 7.594215 12.653705 15.999 
11.948826 7.079507 9.190070 15.999 
6.828435 9.905375 9.854839 1.00784 
11.848887 11.890244 10.716431 1.00784 
10.009336 16.811485 13.680257 1.00784 
*
11.103352 8.751187 12.741057 15.999 
10.791563 9.649103 10.408652 1.00784 
10.242004 13.018700 11.967458 65.38 
14.008089 10.175595 10.584514 65.38 
12.954966 15.756364 12.290255 65.38 
13.795970 12.915508 11.092841 65.38 
10.025919 7.613880 9.220579 15.999 
15.028743 9.097154 12.131491 15.999 
14.161143 13.484627 8.616646 15.999 
15.220594 7.768228 12.798900 15.999 
11.944881 6.875840 9.026710 1.00784 
6.889888 9.799597 10.005227 1.00784 
11.651927 12.229483 10.598915 1.00784 
9.419887 17.234291 14.103273 1.00784 
*
10.989267 9.057587 12.605161 1.00784 
10.380098 9.407074 10.260135 65.38 
10.603328 13.093231 11.783707 65.38 
14.209309 9.924865 10.764954 65.38 
13.394196 16.127738 12.684211 65.38 
13.976524 12.445491 11.423012 15.999 
9.867948 7.640917 9.309895 15.999 
14.705180 9.564313 12.279120 15.999 
14.226659 13.111546 8.856780 15.999 
15.300797 7.381348 13.208758 1.00784 
11.413371 7.217238 8.935972 1.00784 
7.072991 9.621787 10.041297 1.00784 
11.380486 12.320422 10.743559 1.00784 
9.337063 17.362367 14.620118 15.999 
*
10.862652 8.881497 12.618230 65.38 
10.773625 9.653685 10.065911 65.38 
10.634244 12.629260 12.063217 65.38 
13.864313 10.504233 10.818142 65.38 
12.847618 16.134263 12.534945 15.999 
14.071434 12.454665 10.824995 15.999 
9.520420 7.538354 9.338978 15.999 
15.122280 9.213405 12.109435 15.999 
14.531410 13.892470 8.347110 1.00784 
15.531698 7.678443 13.034558 1.00784 
12.104216 6.655253 9.113837 1.00784 
6.882795 10.222026 10.263494 1.00784 
11.888571 11.972142 11.057309 15.999 
9.360516 16.663539 14.187334 1.00784 
*
11.248597 9.219929 12.670612 65.38 
10.583043 9.408539 9.983158 65.38 
10.647310 12.720699 12.395388 65.38 
13.846978 10.406710 10.526467 15.999 
12.850824 15.904456 12.797141 15.999 
14.006073 12.487166 10.701223 15.999 
9.066553 7.492852 9.036114 15.999 
14.958451 9.371259 12.528349 1.00784 
14.976366 13.899052 8.563494 1.00784 
15.658623 7.574825 13.095758 1.00784 
12.518823 7.250991 8.980957 1.00784 
6.700698 10.185146 10.124468 15.999 
11.714309 11.650936 10.767164 1.00784 
9.717931 16.992234 14.091133 65.38 
*
10.808352 9.311669 12.361554 65.38 
11.014810 9.707807 10.409639 65.38 
10.824746 12.119520 11.816134 15.999 
13.575986 10.894078 10.745210 15.999 
13.200355 15.834564 12.661969 15.999 
13.608605 12.492928 10.695384 15.999 
9.461863 7.090545 9.595794 1.00784 
14.720224 8.921304 12.359470 1.00784 
14.346157 13.808000 8.607435 1.00784 
15.141982 7.764519 13.070352 1.00784 
11.661960 6.345476 9.196982 15.999 
7.011823 9.726684 10.287593 1.00784 
12.130759 11.567639 11.457736 65.38 
9.686318 16.145354 14.534913 65.38 
*
10.505972 9.575531 12.424304 65.38 
11.478708 9.829928 10.577556 15.999 
10.509171 11.922272 11.821265 15.999 
13.571234 10.997699 10.493985 15.999 
13.637772 15.617602 12.374559 15.999 
13.743880 12.285605 10.819467 1.00784 
9.480222 6.440185 9.733060 1.00784 
14.887676 8.855594 12.695306 1.00784 
14.095545 13.572151 8.391565 1.00784 
15.346613 7.511024 13.355584 15.999 
11.843372 5.636998 9.430196 1.00784 
6.707629 9.244062 10.683131 65.38 
12.014458 11.648421 11.159655 65.38 
9.962587 15.680797 14.651866 65.38 
*
10.860905 9.526934 12.192037 15.999 
11.007577 9.175602 10.403928 15.999 
11.137583 12.303347 12.083988 15.999 
13.294544 10.953782 10.664095 15.999 
12.782189 15.340170 12.327347 1.00784 
13.878100 12.389365 10.352336 1.00784 
9.551850 7.277233 10.098496 1.00784 
14.321721 9.288311 12.584982 1.00784 
14.129559 14.113522 8.484049 15.999 
14.584991 7.985372 12.677877 1.00784 
11.356702 5.812118 9.114900 65.38 
6.580145 9.426088 10.132867 65.38 
12.389503 11.908211 11.415668 65.38 
9.370739 16.511236 14.406472 65.38 
*
11.045242 9.179872 12.329299 15.999 
10.759062 9.705105 10.066003 15.999 
11.284720 12.185392 11.913282 15.999 
13.158060 11.110351 10.816612 1.00784 
13.386456 15.544517 12.925338 1.00784 
13.787562 12.150706 10.906864 1.00784 
9.612164 7.162422 9.616582 1.00784 
14.349571 8.817674 12.635565 15.999 
13.924050 14.034662 8.438504 1.00784 
15.378541 8.063343 12.910693 65.38 
11.237149 5.920651 9.272565 65.38 
6.976505 9.779539 9.869676 65.38 
11.937983 11.649941 11.601377 65.38 
9.590908 15.648461 14.125369 15.999 
*
10.532978 9.504907 12.601452 15.999 
11.235421 9.603154 10.146887 15.999 
10.695111 12.189011 11.772563 1.00784 
13.492749 11.072570 10.839789 1.00784 
12.791187 15.415051 12.544260 1.00784 
14.043039 12.059782 10.767701 1.00784 
9.900134 7.082810 9.336528 15.999 
14.883463 8.804070 12.653851 1.00784 
14.880566 13.553509 9.213768 65.38 
14.834700 7.758264 13.067277 65.38 
12.007124 6.156017 9.860405 65.38 
6.719329 9.732571 10.465503 65.38 
12.559306 11.204967 11.220254 15.999 
10.015492 16.032762 15.196766 15.999 
*
10.822070 9.382471 12.380044 15.999 
11.184184 9.722527 9.968541 1.00784 
10.646299 11.884949 11.861721 1.00784 
13.543394 11.115265 11.226321 1.00784 
13.167871 15.990799 12.371732 1.00784 
13.978965 12.068751 10.417272 15.999 
9.292785 7.004276 10.030951 1.00784 
14.729924 8.929818 11.941900 65.38 
14.020105 13.835948 8.951734 65.38 
15.589633 7.827133 12.878281 65.38 
11.762037 6.199148 9.642561 65.38 
6.888873 9.431275 10.760489 15.999 
12.087688 11.661157 11.500683 15.999 
9.250800 15.820168 14.772904 15.999 
*
10.405867 9.165346 12.141901 1.00784 
11.515449 9.577847 10.668971 1.00784 
11.140065 12.230913 11.642106 1.00784 
13.345663 11.157151 10.986963 1.00784 
12.805158 15.549179 12.518906 15.999 
13.177962 12.191115 10.534751 1.00784 
9.455605 6.858738 9.152966 65.38 
14.975220 8.951817 12.324611 65.38 
14.746335 13.492709 8.243608 65.38 
15.189083 7.739159 13.154923 65.38 
11.350861 6.182808 8.921982 15.999 
7.167062 10.115716 10.551256 15.999 
11.947579 11.974209 11.846061 15.999 
9.582857 15.953284 14.097755 15.999 
*
10.497241 9.170817 12.786412 1.00784 
10.843652 9.491747 10.643164 1.00784 
11.307337 12.270378 11.694841 1.00784 
13.331767 10.900198 10.328214 15.999 
13.652526 16.482481 12.479144 1.00784 
13.971120 12.889480 10.631365 65.38 
9.549894 6.819331 9.746527 65.38 
14.747487 9.237660 12.077390 65.38 
14.794762 14.268953 8.993635 65.38 
14.829414 7.653918 13.215012 15.999 
11.533851 6.277985 8.904116 15.999 
6.556375 9.706895 10.022477 15.999 
12.207257 11.282945 11.351029 15.999 
9.978442 16.074508 14.469012 1.00784 
*
10.744494 9.210237 12.098812 1.00784 
11.359042 9.678752 10.259415 1.00784 
10.472777 12.103466 11.576620 15.999 
13.331857 11.077537 11.190796 1.00784 
13.648480 15.727212 12.534774 65.38 
14.080707 12.699205 11.115893 65.38 
9.907171 6.894082 9.902058 65.38 
14.504544 8.649599 12.680063 65.38 
14.253914 14.069546 8.258081 15.999 
14.669295 7.635280 12.956323 15.999 
11.894358 6.109652 9.334405 15.999 
7.078032 9.819340 10.426530 15.999 
12.292482 11.789250 11.374816 1.00784 
9.613546 16.104867 14.852481 1.00784 
*
10.573651 9.098155 12.851247 1.00784 
11.080910 9.970511 10.083277 15.999 
11.050167 12.339219 11.844527 1.00784 
13.684576 10.469232 10.538448 65.38 
12.630048 15.676472 12.820984 65.38 
13.873968 12.653969 10.353378 65.38 
9.216067 7.339704 9.939924 65.38 
15.083924 9.318648 12.083032 15.999 
13.972541 13.746228 9.120620 15.999 
14.811586 8.106816 12.867118 15.999 
11.415089 5.895060 9.073025 15.999 
6.517298 9.650118 10.474713 1.00784 
11.710152 11.571739 11.596660 1.00784 
10.047607 16.134108 14.762226 1.00784 
*
10.879741 9.507513 11.944142 15.999 
10.738560 9.932388 10.206690 1.00784 
10.898740 11.886362 12.187629 65.38 
13.447399 10.891726 10.864126 65.38 
13.147571 15.422911 13.033762 65.38 
13.859367 12.542699 10.900099 65.38 
9.237407 6.650178 9.656093 15.999 
15.258480 8.843225 11.855228 15.999 
14.277577 13.768018 8.642071 15.999 
15.685829 7.288529 12.964088 15.999 
11.374174 6.171182 9.551492 1.00784 
7.314423 9.509287 10.662558 1.00784 
12.616463 11.744568 11.796317 1.00784 
10.192608 16.223538 14.827790 1.00784 
*
11.060669 9.113177 12.503398 1.00784 
10.816708 9.950208 10.510854 65.38 
10.918539 12.140547 11.917803 65.38 
13.568794 11.105117 10.654963 65.38 
12.892105 15.671600 12.112321 65.38 
13.423449 11.859860 10.710796 15.999 
9.303840 6.713007 9.747312 15.999 
14.480465 8.850028 11.747991 15.999 
14.766076 14.001741 8.786062 15.999 
15.367135 7.758025 12.504325 1.00784 
12.123158 5.814031 8.582918 1.00784 
7.278518 9.332388 10.431176 1.00784 
12.335872 11.737542 11.471982 1.00784 
10.069261 16.045290 14.440737 15.999 
*
11.082880 8.974486 12.502639 65.38 
10.645918 10.031491 10.364684 65.38 
11.202071 12.444194 11.613605 65.38 
13.471994 10.600306 10.967682 65.38 
12.972601 15.526326 12.253547 15.999 
13.728079 12.908498 10.690907 15.999 
9.402174 6.661976 9.623851 15.999 
14.432277 8.914595 12.355663 15.999 
14.837197 14.070303 8.316669 1.00784 
15.339759 7.912239 13.061603 1.00784 
11.750613 6.469921 8.605151 1.00784 
6.695983 9.669783 10.192170 1.00784 
11.796135 11.814503 11.475165 15.999 
10.164051 15.825851 13.885057 1.00784 
*
10.711345 9.588261 12.062807 65.38 
10.859306 9.661069 10.912196 65.38 
10.980395 12.070940 12.130912 65.38 
13.411171 10.985343 10.391253 15.999 
13.334955 15.513723 12.381622 15.999 
14.120267 12.954996 10.730057 15.999 
9.405449 6.601170 9.344686 15.999 
15.293208 8.596205 12.284209 1.00784 
14.925856 13.902223 8.485920 1.00784 
15.574064 7.651347 13.075266 1.00784 
11.600530 6.692878 9.313237 1.00784 
6.784035 9.575523 10.869865 15.999 
11.992933 11.098406 11.345109 1.00784 
9.667508 16.424292 14.141912 65.38 
*
10.961279 9.371306 12.355275 65.38 
10.753625 9.439639 10.222466 65.38 
10.880866 12.481251 11.631443 15.999 
13.680363 10.930216 11.106410 15.999 
13.324962 15.414224 12.696507 15.999 
13.841937 12.053432 10.901068 15.999 
8.860034 7.469084 9.083694 1.00784 
14.572295 8.496372 12.709024 1.00784 
13.898655 13.897540 8.184413 1.00784 
14.989484 7.993169 12.731136 1.00784 
11.003075 6.242510 9.431789 15.999 
6.626008 10.076552 10.493644 1.00784 
12.418749 11.682732 11.491203 65.38 
9.590704 15.856481 14.191168 65.38 
*
11.031913 9.053192 12.660605 65.38 
11.142865 9.839180 10.139219 15.999 
10.502810 11.931658 12.066365 15.999 
13.452186 11.172902 10.404863 15.999 
13.546776 15.658483 12.754280 15.999 
13.499349 12.657878 10.342230 1.00784 
9.985530 7.432534 9.441669 1.00784 
14.432569 8.931540 12.521883 1.00784 
14.407993 13.459201 8.761800 1.00784 
14.727596 7.885852 13.540625 15.999 
11.794459 6.815665 9.639446 1.00784 
6.707032 10.197077 10.116547 65.38 
12.063440 11.308276 11.917910 65.38 
9.874074 16.479183 14.331637 65.38 
*
10.789967 9.516542 11.945962 15.999 
11.251087 9.785364 10.604537 15.999 
10.719294 11.856914 11.579890 15.999 
13.624567 10.941979 11.189807 15.999 
13.080190 15.478909 12.853261 1.00784 
13.745775 12.292159 10.886217 1.00784 
9.730663 7.412435 9.582803 1.00784 
14.056065 8.630806 12.272213 1.00784 
14.319679 13.481078 9.063112 15.999 
14.937362 7.315713 13.367681 1.00784 
11.419467 5.978740 9.570054 65.38 
6.908999 9.328375 10.407892 65.38 
11.869681 11.948197 11.157560 65.38 
9.967867 15.586464 14.379440 65.38 
*
10.789389 9.541878 11.989776 15.999 
11.108069 9.733066 10.485268 15.999 
10.964782 12.343603 12.120058 15.999 
13.634872 10.548869 10.392942 1.00784 
12.805206 15.714318 13.074881 1.00784 
13.264817 12.120335 11.167243 1.00784 
9.322462 7.161250 9.814077 1.00784 
14.376788 8.760721 12.311542 15.999 
14.482168 14.039518 8.963383 1.00784 
14.909980 7.747468 13.188393 65.38 
11.131237 6.934428 9.561830 65.38 
6.495311 9.741109 10.496021 65.38 
12.355500 11.556310 11.726995 65.38 
8.933311 16.042666 14.811178 15.999 
*
10.521657 9.238059 12.375433 15.999 
11.251479 9.643928 10.721040 15.999 
11.189185 12.379812 11.808233 1.00784 
13.485671 10.621994 10.545214 1.00784 
13.160885 15.561164 12.413919 1.00784 
13.157508 12.534608 10.421367 1.00784 
9.708208 7.590347 9.905263 15.999 
14.489232 8.929644 12.266844 1.00784 
13.975803 13.732828 8.422781 65.38 
15.474441 8.045913 12.687047 65.38 
11.965376 6.270087 9.291287 65.38 
6.590135 10.225601 10.397881 65.38 
11.711563 11.862507 11.313151 15.999 
9.503320 16.130589 14.424058 15.999 
*
11.025339 9.016080 12.720781 15.999 
10.917590 10.292055 10.206248 1.00784 
10.596041 12.036150 11.943975 1.00784 
13.659042 10.621620 10.451214 1.00784 
13.433299 16.187138 12.890138 1.00784 
13.603964 12.497467 10.579243 15.999 
9.467523 6.746135 9.567231 1.00784 
14.622143 8.778128 12.294128 65.38 
14.210534 14.076523 9.011638 65.38 
15.376699 7.500761 13.081235 65.38 
11.267798 6.134789 9.126498 65.38 
6.519177 9.886766 10.537255 15.999 
12.131839 11.994526 11.433253 15.999 
9.978884 15.843181 14.710892 15.999 
*
10.796834 9.330357 12.363488 1.00784 
10.734783 10.012751 9.915550 1.00784 
10.540352 11.801600 12.077916 1.00784 
14.010211 10.924922 11.092513 1.00784 
12.905076 16.123076 12.699317 15.999 
13.572400 12.158691 10.235155 1.00784 
10.078915 7.434341 9.338594 65.38 
14.455543 8.839779 12.715440 65.38 
14.518947 14.325140 8.282349 65.38 
15.114232 7.555422 12.480558 65.38 
11.604868 6.602797 8.960011 15.999 
7.381323 9.620497 9.714006 15.999 
12.671335 11.142342 11.428619 15.999 
9.509133 16.628453 14.282617 15.999 
*
10.326084 9.589884 12.686948 1.00784 
11.489248 9.608611 10.767425 1.00784 
10.424744 12.237949 11.359993 1.00784 
13.792018 10.555538 10.659090 15.999 
13.637755 15.479224 12.584010 1.00784 
14.066960 12.379020 10.698725 65.38 
8.961983 7.267266 9.438654 65.38 
14.690602 9.102120 11.945233 65.38 
14.235069 13.874102 8.479352 65.38 
15.515385 7.550830 13.257082 15.999 
11.208596 5.933530 9.458654 15.999 
6.969040 10.265413 10.053852 15.999 
12.562790 11.818457 11.510496 15.999 
9.690128 16.623600 14.724085 1.00784 
*
10.415651 9.181736 12.039723 1.00784 
11.183163 9.964897 10.568006 1.00784 
11.111231 11.737914 11.873520 15.999 
13.686851 11.363510 10.917316 1.00784 
12.915564 15.736332 12.363345 65.38 
13.868040 12.240942 10.927875 65.38 
9.364465 7.296265 9.775311 65.38 
14.536925 8.608719 12.480171 65.38 
14.171142 13.676262 8.128539 15.999 
15.423964 7.871438 12.445361 15.999 
11.575391 6.225351 8.521958 15.999 
7.046953 9.941229 9.976317 15.999 
11.735064 11.143376 11.072531 1.00784 
9.547897 16.120485 14.741087 1.00784 
*
10.771789 9.571500 11.947122 1.00784 
10.730114 9.321709 10.548085 15.999 
11.186671 12.494287 11.998129 1.00784 
13.381381 10.826824 10.717511 65.38 
13.295641 15.308938 12.806654 65.38 
14.019492 12.706591 10.348765 65.38 
9.182496 7.252765 9.555451 65.38 
14.920242 8.426087 12.655893 15.999 
14.365162 14.165589 9.177285 15.999 
14.776053 7.898865 13.005322 15.999 
12.103176 6.470832 9.420125 15.999 
7.387544 9.238365 9.955902 1.00784 
12.310764 11.490657 11.878302 1.00784 
9.569372 15.719201 14.496991 1.00784 
*
10.709520 9.464859 12.431609 15.999 
10.882936 9.482414 10.697874 1.00784 
10.544574 11.938963 11.745088 65.38 
13.783158 11.038234 10.858402 65.38 
13.078704 15.716681 12.571644 65.38 
13.627403 12.694543 10.161109 65.38 
10.105274 7.327529 9.360682 15.999 
14.836916 8.740724 12.140685 15.999 
14.820563 13.707301 8.367840 15.999 
15.120218 8.054494 13.350122 15.999 
11.843459 6.055273 8.934689 1.00784 
6.828878 9.453782 9.862389 1.00784 
12.671301 11.871674 10.954363 1.00784 
9.922459 16.513429 14.317001 1.00784 
*
10.724509 9.159109 12.297385 1.00784 
11.130879 10.021956 10.291137 65.38 
10.669374 12.065082 11.639943 65.38 
13.640721 11.146280 10.703461 65.38 
13.469930 15.804085 13.226865 65.38 
14.037474 11.894341 10.459584 15.999 
9.172990 6.520341 10.141854 15.999 
14.997034 8.915624 12.791897 15.999 
14.582367 13.329031 8.363406 15.999 
15.045112 7.966569 13.350466 1.00784 
11.328916 5.745191 9.391263 1.00784 
6.767835 9.488207 10.816983 1.00784 
11.740315 11.380438 11.747124 1.00784 
9.215500 16.049248 14.412077 15.999 
*
11.002477 9.121858 12.192031 65.38 
11.105167 9.853476 10.247093 65.38 
10.711363 12.121188 11.893118 65.38 
13.677284 11.048294 11.136268 65.38 
12.659505 15.717657 12.688177 15.999 
13.557234 12.424819 10.862256 15.999 
9.047626 7.387404 9.066690 15.999 
15.097299 8.428799 12.128915 15.999 
14.720183 13.343630 8.690509 1.00784 
15.170059 7.926055 12.689411 1.00784 
12.011759 6.084734 9.319255 1.00784 
7.354051 9.162968 10.425314 1.00784 
11.554446 11.586282 11.454272 15.999 
10.061047 15.770971 14.801190 1.00784 
*
10.584197 9.240806 12.313738 65.38 
10.991481 10.056064 10.184992 65.38 
11.269799 12.151779 11.626353 65.38 
13.235604 10.796139 10.853273 15.999 
13.555354 15.352768 12.862085 15.999 
13.322536 12.592350 11.169000 15.999 
9.987417 6.605961 9.549248 15.999 
14.367817 8.985672 12.632181 1.00784 
14.189441 13.854564 8.380712 1.00784 
15.561617 7.270030 13.235849 1.00784 
11.263734 5.902449 9.520583 1.00784 
6.852770 10.033220 10.753831 15.999 
12.460518 11.572459 11.953583 1.00784 
10.167607 15.659971 14.625655 65.38 
*
11.034622 9.043268 11.866185 65.38 
10.605827 9.323641 10.670329 65.38 
11.262648 12.360794 12.150812 15.999 
13.285447 10.882692 10.620850 15.999 
13.345237 16.217537 13.032918 15.999 
13.733403 12.659335 10.369099 15.999 
9.192936 7.582472 9.816730 1.00784 
15.182093 9.180488 12.295876 1.00784 
14.631261 13.969993 8.601574 1.00784 
15.555440 8.204819 13.263709 1.00784 
11.762510 6.019663 9.506783 15.999 
7.031103 10.171220 10.294100 1.00784 
11.763097 11.949535 11.351797 65.38 
9.653582 16.136890 14.086506 65.38 
*
10.759753 9.094711 12.553266 65.38 
11.244388 9.865713 10.106372 15.999 
10.439128 12.309408 11.846648 15.999 
13.751542 10.662554 10.861632 15.999 
12.911710 16.331702 13.009839 15.999 
13.784512 12.266771 10.373890 1.00784 
9.638777 7.608983 9.469923 1.00784 
14.281633 8.901838 12.724185 1.00784 
14.315399 13.901791 8.647332 1.00784 
15.523762 7.468223 13.166983 15.999 
11.214754 6.765776 8.921898 1.00784 
7.307251 10.182801 10.138180 65.38 
12.608994 11.135679 11.058782 65.38 
9.725568 16.637526 14.650722 65.38 
*
11.003203 9.548973 12.266048 15.999 
11.288619 9.645055 10.179085 15.999 
11.012748 12.455866 11.584396 15.999 
13.389411 10.491676 11.181384 15.999 
12.669352 15.794831 12.712246 1.00784 
13.023434 12.536562 11.199020 1.00784 
8.880124 6.728700 9.728435 1.00784 
14.637486 8.943829 12.173724 1.00784 
13.918989 13.995411 8.883783 15.999 
15.003434 7.477657 13.267895 1.00784 
11.235133 6.349312 9.375506 65.38 
7.157083 9.693898 10.063048 65.38 
12.068678 11.482516 11.436418 65.38 
9.291141 15.911409 14.385277 65.38 
*
10.789606 9.390735 12.684369 15.999 
10.919988 9.812929 10.226556 15.999 
10.893264 12.202785 11.990158 15.999 
13.663996 10.832041 10.235189 1.00784 
13.144649 15.612671 12.882065 1.00784 
13.475054 12.464719 10.945626 1.00784 
9.199663 7.216878 9.749029 1.00784 
15.082806 8.261583 12.798321 15.999 
14.800097 13.092238 8.170318 1.00784 
14.991782 7.474139 12.780302 65.38 
11.439763 5.905838 9.039367 65.38 
7.025479 9.483487 10.012685 65.38 
12.026812 11.658568 11.289028 65.38 
9.865178 15.503155 14.239512 15.999 
*
10.386249 9.677405 12.578223 15.999 
11.185358 9.810318 10.345792 15.999 
10.521224 11.775451 11.482377 1.00784 
13.853816 11.037378 10.888025 1.00784 
13.142385 16.266847 12.916861 1.00784 
13.504552 12.163809 10.852453 1.00784 
9.841291 6.647742 9.794167 15.999 
15.195008 8.638302 11.763420 1.00784 
13.963953 13.513720 8.764251 65.38 
15.400935 7.486903 12.639220 65.38 
11.901653 6.483204 9.079174 65.38 
6.654931 9.272691 10.203516 65.38 
12.578620 11.142913 11.659698 15.999 
9.814398 16.308378 14.051365 15.999 
*
11.065857 9.050867 12.077077 15.999 
11.043317 9.613092 10.589793 1.00784 
10.569042 12.173465 11.480060 1.00784 
13.169745 10.772940 11.099206 1.00784 
13.556794 16.405351 12.718885 1.00784 
14.021339 12.937639 10.385024 15.999 
9.621951 7.022220 9.754788 1.00784 
15.002581 9.264497 12.389765 65.38 
13.806813 13.885656 8.928967 65.38 
14.943021 7.911208 12.885182 65.38 
12.091508 6.888469 9.332636 65.38 
6.680486 10.222591 10.556397 15.999 
12.474580 11.882996 11.825218 15.999 
10.021919 16.813455 14.783757 15.999 
*
10.266940 9.499416 12.787544 1.00784 
11.177296 9.405814 10.099813 1.00784 
11.100710 12.172381 11.698295 1.00784 
13.823997 10.931526 10.643301 1.00784 
12.781016 15.952751 12.709218 15.999 
13.060523 12.764749 10.503478 1.00784 
9.527175 7.346042 10.046268 65.38 
14.913171 8.546143 12.424853 65.38 
14.457625 13.986681 8.813442 65.38 
15.172762 7.967001 12.670790 65.38 
11.174872 6.635475 9.662264 15.999 
6.684144 9.235095 9.904611 15.999 
12.262078 11.364805 11.484132 15.999 
10.122382 16.446812 15.054176 15.999 
*
10.618718 8.978196 12.576550 1.00784 
11.336365 10.018611 10.170377 1.00784 
10.514535 11.778942 12.012972 1.00784 
13.374131 10.975690 10.659778 15.999 
13.759649 15.746396 12.423575 1.00784 
13.811648 12.393467 10.164830 65.38 
9.561257 7.639754 9.539859 65.38 
15.154073 9.410525 12.754792 65.38 
14.020223 13.702586 8.722302 65.38 
15.318611 7.951347 13.201683 15.999 
11.656592 6.784641 9.518480 15.999 
7.424795 9.640906 10.634953 15.999 
12.380491 11.821306 11.496779 15.999 
9.557443 16.447550 14.166295 1.00784 
*
11.180601 8.938258 11.997217 1.00784 
10.996387 10.200801 10.223645 1.00784 
10.880761 11.858468 12.171346 15.999 
13.275319 11.137073 11.052744 1.00784 
13.179050 16.236650 12.467744 65.38 
13.614052 12.114024 10.132755 65.38 
9.395653 6.739739 9.587339 65.38 
14.793196 8.619980 12.362315 65.38 
14.348353 13.847966 8.436386 15.999 
14.890915 7.759929 13.037492 15.999 
11.830155 6.370805 8.909073 15.999 
7.109594 9.599766 10.474033 15.999 
11.675209 11.760574 11.763700 1.00784 
9.962942 16.546863 14.794581 1.00784 
*
10.912515 9.587529 12.588361 1.00784 
10.586104 9.297049 10.636763 15.999 
11.026756 12.044495 11.697349 1.00784 
13.780291 11.095754 10.885229 65.38 
13.571285 15.400705 12.729663 65.38 
13.045935 12.749514 10.063914 65.38 
9.788079 7.421990 9.650886 65.38 
14.229864 9.251094 11.717301 15.999 
13.740659 13.420724 7.963119 15.999 
14.716479 7.549153 13.262867 15.999 
11.523605 5.820901 8.842653 15.999 
6.432350 9.523516 9.776136 1.00784 
12.282845 11.229147 10.738272 1.00784 
9.366110 15.701721 14.718560 1.00784 
*
11.000886 8.861751 12.791785 15.999 
10.725739 9.874404 9.954026 1.00784 
11.171250 11.945623 11.993310 65.38 
13.191241 11.333354 10.721252 65.38 
13.379516 15.718640 12.880154 65.38 
13.264785 12.631339 10.280675 65.38 
9.522887 7.233759 9.432789 15.999 
15.111974 8.921480 12.541924 15.999 
14.190581 13.455650 8.307547 15.999 
14.962940 7.792046 13.024894 15.999 
11.928838 5.880808 9.575352 1.00784 
7.069098 10.106385 10.651645 1.00784 
12.383908 11.508118 11.098577 1.00784 
9.847753 16.030826 14.357464 1.00784 
*
10.871017 9.396873 11.972410 1.00784 
10.760460 9.265583 10.669098 65.38 
11.014157 12.443160 12.275426 65.38 
13.627073 10.850918 10.441770 65.38 
12.895842 16.010269 12.431836 65.38 
13.378161 12.708693 10.719015 15.999 
9.934692 7.261747 9.574090 15.999 
14.435055 9.078579 12.305971 15.999 
14.439240 13.262353 8.950169 15.999 
14.937124 7.742233 13.213954 1.00784 
12.053098 6.377991 9.268981 1.00784 
6.772143 10.064145 10.541695 1.00784 
12.241846 11.169640 11.581620 1.00784 
10.229742 16.197812 14.530209 15.999 
*
11.152365 8.932415 11.962749 65.38 
11.300885 10.003924 10.634066 65.38 
10.443459 11.774395 11.474566 65.38 
13.557866 11.352507 11.208820 65.38 
13.683311 15.900371 12.861282 15.999 
13.370548 12.014355 11.088881 15.999 
9.141313 7.564871 9.687788 15.999 
14.310818 8.859124 12.168704 15.999 
14.837868 13.365837 8.240125 1.00784 
14.886298 7.672471 12.952782 1.00784 
12.162673 6.363138 9.757553 1.00784 
7.019693 9.737976 10.316343 1.00784 
11.645708 11.508066 11.163019 15.999 
9.377076 15.649258 14.661478 1.00784 
*
11.120322 8.837687 12.565415 65.38 
11.340097 9.580403 10.050486 65.38 
10.979851 12.570621 12.024849 65.38 
13.032148 10.992892 10.646430 15.999 
13.145953 15.318672 12.529957 15.999 
13.586723 12.628455 10.961624 15.999 
8.953903 7.279401 9.782800 15.999 
14.464615 9.039020 11.944557 1.00784 
14.594958 13.926157 8.182808 1.00784 
15.064989 7.822030 13.083472 1.00784 
11.876333 6.415536 9.539132 1.00784 
6.759016 9.245687 9.853800 15.999 
11.971276 11.897866 11.750723 1.00784 
9.294871 15.648946 14.816655 65.38 
*
10.857262 8.772618 12.262126 65.38 
11.098725 9.495318 10.066192 65.38 
10.569016 12.563254 12.157150 15.999 
13.585520 10.991387 11.024353 15.999 
13.085461 15.917208 12.144488 15.999 
13.624323 12.102948 10.215703 15.999 
9.897206 7.543648 9.916551 1.00784 
14.723530 9.335048 12.329046 1.00784 
14.788944 13.653522 8.164368 1.00784 
14.811217 7.940066 12.544389 1.00784 
11.958998 6.225391 8.754680 15.999 
6.681798 9.531212 10.173856 1.00784 
12.228973 11.866932 11.518053 65.38 
10.013654 16.461916 14.822579 65.38 
*
10.484391 9.287343 12.015478 65.38 
11.331701 9.703452 10.425745 15.999 
10.721216 11.957585 11.612453 15.999 
13.827683 10.843433 11.140300 15.999 
13.245189 15.787998 13.178957 15.999 
13.302528 12.801900 10.487652 1.00784 
9.320426 7.287142 10.038845 1.00784 
14.784348 9.415497 12.021616 1.00784 
14.570696 13.720109 8.595430 1.00784 
14.961870 7.593373 12.869590 15.999 
11.733231 6.426649 9.020965 1.00784 
6.625554 9.809212 10.568666 65.38 
11.917639 11.569620 11.615717 65.38 
9.561438 16.728489 14.544166 65.38 
*
10.486039 9.257950 12.477860 15.999 
11.005998 10.334441 10.747782 15.999 
11.327185 11.773990 11.945423 15.999 
13.667585 10.536912 10.429745 15.999 
12.819512 15.905620 12.574391 1.00784 
13.658696 12.288930 10.203579 1.00784 
9.405079 6.984125 9.200205 1.00784 
14.268284 9.412729 11.862128 1.00784 
14.746785 13.900086 8.213995 15.999 
15.118807 7.817493 12.920406 1.00784 
12.200586 6.715593 9.077623 65.38 
7.089588 10.288564 10.688833 65.38 
11.824340 11.799310 11.836222 65.38 
9.827345 15.808177 14.757245 65.38 
*
11.139943 8.965414 12.130604 15.999 
11.057488 10.111833 10.432345 15.999 
10.817176 12.185497 12.100549 15.999 
13.323768 10.811182 10.478753 1.00784 
13.267262 15.552345 13.047825 1.00784 
13.174330 12.966879 10.485530 1.00784 
9.353663 6.746323 10.066658 1.00784 
14.276272 8.838482 12.769851 15.999 
13.911157 14.006497 8.753838 1.00784 
15.094660 7.962676 13.162192 65.38 
12.051947 6.249597 8.957605 65.38 
7.443690 9.932152 10.735379 65.38 
12.563042 11.579663 11.126454 65.38 
9.654923 16.533450 14.907993 15.999 
*
10.600617 8.860919 12.652840 15.999 
11.222942 9.727290 10.022271 15.999 
10.826141 12.345881 12.051043 1.00784 
13.268961 11.045126 10.925446 1.00784 
13.510418 15.818213 12.739683 1.00784 
13.804926 12.816581 10.559687 1.00784 
9.942688 6.695154 9.398314 15.999 
14.996267 9.318011 11.893876 1.00784 
13.984588 13.947475 8.658451 65.38 
14.768684 7.396353 13.110245 65.38 
11.676877 6.522424 8.871591 65.38 
7.497775 9.825832 10.161266 65.38 
12.122173 11.460572 10.881360 15.999 
9.803936 16.392288 14.793930 15.999 
*
10.799731 9.250437 12.645186 15.999 
11.356282 9.234675 10.424169 1.00784 
10.769589 12.541657 11.852981 1.00784 
13.727777 11.050428 10.403786 1.00784 
13.119419 15.880622 13.122937 1.00784 
13.383741 12.471236 10.898175 15.999 
9.025359 7.252158 9.429542 1.00784 
14.290685 8.527366 12.357957 65.38 
14.602519 14.221943 8.229166 65.38 
14.644482 7.481525 13.050585 65.38 
11.422586 6.414962 9.002544 65.38 
6.456448 9.313240 10.463675 15.999 
11.620198 11.617032 11.033201 15.999 
9.568526 16.013323 14.233242 15.999 
*
10.908396 9.263105 12.504032 1.00784 
11.519181 9.494088 10.389309 1.00784 
10.963868 12.289370 11.652246 1.00784 
13.430466 11.220891 10.512377 1.00784 
13.155037 16.116181 13.001682 15.999 
13.275850 12.281085 11.474884 1.00784 
8.874179 6.623063 9.502687 65.38 
14.409103 8.471893 12.325162 65.38 
14.467073 13.725437 8.823440 65.38 
14.151755 7.284482 13.242514 65.38 
10.961443 6.561324 9.023451 15.999 
5.778169 9.163336 10.333332 15.999 
11.174045 11.515780 11.557763 15.999 
9.153359 16.121878 14.754237 15.999 
*
11.105621 9.759161 13.074855 1.00784 
10.871162 8.940717 10.384793 1.00784 
10.735862 12.191209 11.627384 1.00784 
14.146648 11.083012 10.142552 15.999 
12.624855 16.416072 13.367522 1.00784 
13.191109 12.393139 11.129589 65.38 
9.411907 6.915385 9.474916 65.38 
14.146444 8.334075 12.286574 65.38 
15.027797 14.253024 8.129674 65.38 
14.205017 7.964644 12.858203 15.999 
11.844490 6.747774 9.110036 15.999 
6.475020 9.178874 10.261457 15.999 
11.190951 12.068194 11.001052 15.999 
9.660651 15.980879 14.249417 1.00784 
*
10.285736 9.751780 12.824203 1.00784 
11.686931 8.919631 9.921248 1.00784 
11.034323 12.660649 12.050458 15.999 
13.926153 10.738242 10.661276 1.00784 
12.813651 15.963158 12.955384 65.38 
12.834155 12.625759 10.358811 65.38 
8.847546 7.017981 9.757077 65.38 
14.416008 8.559716 12.479572 65.38 
14.187109 14.641587 8.454893 15.999 
14.309989 7.692077 12.641415 15.999 
11.349608 6.362706 8.886671 15.999 
6.639877 9.727311 10.295543 15.999 
11.432732 11.559021 10.783720 1.00784 
9.446890 15.830029 14.250851 1.00784 
*
10.369604 9.003705 12.841382 1.00784 
11.519624 9.105222 10.427722 15.999 
11.083258 12.467194 11.637042 1.00784 
13.863058 11.379846 10.197532 65.38 
12.644995 16.245688 13.497045 65.38 
13.002608 12.517486 11.328490 65.38 
8.703503 6.928529 9.605738 65.38 
14.543446 8.749046 12.673454 15.999 
14.133106 14.492353 8.373554 15.999 
15.072759 7.547983 12.808554 15.999 
11.474143 6.315456 8.725938 15.999 
6.703935 9.143228 10.221689 1.00784 
11.812119 11.774490 10.711893 1.00784 
9.125133 16.399604 13.805283 1.00784 
*
10.621301 9.430268 13.078049 15.999 
11.305822 9.090511 10.731181 1.00784 
11.105508 12.506237 11.562897 65.38 
13.974548 11.036662 9.943814 65.38 
12.801562 15.553626 13.308309 65.38 
13.155702 12.858368 11.332135 65.38 
8.549717 6.688361 8.957068 15.999 
14.260323 8.832955 12.030549 15.999 
14.592203 14.174739 7.766223 15.999 
14.940917 7.478237 12.805929 15.999 
11.352521 6.344078 9.288735 1.00784 
6.318452 9.623838 10.023543 1.00784 
11.223079 11.889278 11.283323 1.00784 
9.541467 15.523543 14.650846 1.00784 
*
11.006248 9.077546 12.388901 1.00784 
11.289720 9.498311 10.382096 65.38 
10.609848 12.110877 11.746214 65.38 
13.572297 11.518757 10.619027 65.38 
13.085509 15.546054 12.754597 65.38 
13.741840 12.530962 11.138750 15.999 
9.308758 7.666701 9.865435 15.999 
14.162371 8.322466 12.568149 15.999 
14.830011 14.472532 7.813253 15.999 
14.597441 7.273841 12.715109 1.00784 
11.154824 6.897493 8.983596 1.00784 
6.478241 9.755646 10.119210 1.00784 
11.821837 11.118891 11.358871 1.00784 
10.194507 15.665468 14.268290 15.999 
*
10.970575 8.936249 12.424717 65.38 
11.161063 9.469598 10.085775 65.38 
10.931888 12.610838 12.173357 65.38 
13.678268 10.895998 10.882583 65.38 
13.046563 16.073788 12.835761 15.999 
13.358950 12.472936 10.884604 15.999 
8.926247 7.615426 9.327497 15.999 
13.778741 9.020085 12.026473 15.999 
15.030069 14.014817 7.905951 1.00784 
14.736559 7.432968 13.348277 1.00784 
10.947649 6.044891 9.434104 1.00784 
6.281426 9.226611 10.248279 1.00784 
12.008097 11.276232 10.778599 15.999 
9.055904 16.126296 14.151322 1.00784 
*
10.811554 9.528799 12.820880 65.38 
11.285201 8.970931 10.826767 65.38 
11.045902 12.832864 11.378566 65.38 
13.342468 10.646814 10.298505 15.999 
13.188372 15.966709 13.203466 15.999 
13.249290 12.213278 10.925986 15.999 
9.567983 7.152606 8.995596 15.999 
14.042914 8.758742 12.400416 1.00784 
15.083287 13.762339 8.633272 1.00784 
14.801902 7.459011 13.442674 1.00784 
11.291340 6.871104 9.102220 1.00784 
6.600014 9.352337 10.879069 15.999 
12.044357 12.047184 11.247649 1.00784 
9.458519 16.151034 14.103484 65.38 
*
10.933434 9.633161 12.736657 65.38 
11.277394 9.274056 10.152708 65.38 
10.521286 12.090947 12.187135 15.999 
14.069371 11.097281 10.345612 15.999 
13.364302 16.078272 12.829166 15.999 
13.500691 12.216328 10.475306 15.999 
8.907308 7.046714 9.554450 1.00784 
13.818286 8.988584 12.451397 1.00784 
14.586164 14.236434 7.975594 1.00784 
14.109909 7.712840 13.326846 1.00784 
11.179309 6.425050 8.892437 15.999 
6.654634 8.851544 9.962011 1.00784 
11.262461 11.343124 11.192198 65.38 
9.864822 16.232056 13.981599 65.38 
*
11.007694 8.989039 12.905101 65.38 
11.281033 9.724853 10.368185 15.999 
10.309018 12.404422 11.460616 15.999 
14.187852 10.907647 10.531695 15.999 
12.742640 16.435123 12.725702 15.999 
13.809890 12.255438 11.209812 1.00784 
8.633999 7.182520 9.577104 1.00784 
13.863322 8.218036 12.819165 1.00784 
14.289540 13.842173 8.552796 1.00784 
14.956199 7.872308 12.898485 15.999 
11.150923 6.529646 9.471361 1.00784 
6.394904 9.640599 10.841945 65.38 
11.861374 11.838927 10.716541 65.38 
9.710430 16.000606 13.862541 65.38 
*
10.934805 8.980252 12.639037 15.999 
11.321577 9.614452 10.276790 15.999 
10.917418 12.684400 12.184784 15.999 
13.596941 10.741772 10.341483 15.999 
13.367543 16.157885 12.987903 1.00784 
13.352794 12.132767 10.802775 1.00784 
8.896539 7.213409 9.022051 1.00784 
13.662318 8.305377 12.426710 1.00784 
14.862708 14.831205 7.764897 15.999 
14.455815 7.893561 12.805107 1.00784 
10.987186 6.940575 8.679118 65.38 
5.984791 9.589057 10.270062 65.38 
11.773390 12.036816 11.241607 65.38 
8.931364 16.290636 13.664082 65.38 
*
10.776851 9.246145 12.732505 15.999 
11.547439 9.359104 10.136880 15.999 
11.042254 12.208622 12.023093 15.999 
13.399918 10.821579 10.554221 1.00784 
12.545999 16.160601 13.578724 1.00784 
13.244755 12.742573 11.086226 1.00784 
9.109383 7.775277 9.037408 1.00784 
14.358783 8.918524 12.158562 15.999 
14.393158 14.421264 7.969935 1.00784 
14.250276 7.129737 12.996951 65.38 
11.115767 6.994197 8.682381 65.38 
6.644748 9.612396 10.381491 65.38 
11.796070 11.909447 10.538545 65.38 
9.057255 16.036363 14.148665 15.999 
*
11.063929 9.677769 12.502791 15.999 
11.302585 8.802899 10.662478 15.999 
10.895992 12.535828 11.635130 1.00784 
13.444736 10.866943 10.371501 1.00784 
13.412888 15.684235 13.483938 1.00784 
13.248200 12.798794 10.933234 1.00784 
9.103074 7.478532 9.289745 15.999 
14.322999 8.609239 12.460205 1.00784 
14.518309 13.998166 8.272881 65.38 
14.877038 7.937376 13.405688 65.38 
10.921120 6.650064 9.030662 65.38 
6.742014 9.091096 10.048004 65.38 
11.149225 11.960220 11.292315 15.999 
9.364733 15.914024 14.422021 15.999 
*
11.267934 9.609193 12.349382 15.999 
11.475362 8.538791 10.305200 1.00784 
10.877130 12.608087 12.017835 1.00784 
13.252889 10.653998 10.507028 1.00784 
12.910050 16.119833 13.762701 1.00784 
13.368235 13.360286 11.229000 15.999 
8.988235 7.721952 8.816529 1.00784 
13.773802 9.215614 12.531419 65.38 
14.473016 14.082901 8.526944 65.38 
14.950292 7.776177 13.049839 65.38 
10.389630 6.403107 8.583105 65.38 
7.110701 9.460548 9.729798 15.999 
11.522274 12.055705 11.143721 15.999 
9.422329 15.741955 14.420335 15.999 
*
10.957068 9.902263 12.646644 1.00784 
10.998036 8.409771 10.336586 1.00784 
10.853474 12.663275 11.512527 1.00784 
13.416824 11.309280 10.636253 1.00784 
14.058338 15.395945 13.890790 15.999 
13.232360 12.382774 10.899194 1.00784 
9.427190 7.205384 8.982275 65.38 
14.930865 8.346192 12.727225 65.38 
14.676902 13.995395 8.244057 65.38 
15.131713 7.699092 13.636180 65.38 
10.797742 6.889418 9.031052 15.999 
7.193353 8.874622 10.012768 15.999 
11.486274 11.554279 11.134490 15.999 
9.740900 16.245635 14.072250 15.999 
*
10.916352 9.617455 12.981774 1.00784 
11.591945 8.407533 10.509847 1.00784 
11.093473 13.014204 11.319617 1.00784 
13.448713 10.831783 10.478510 15.999 
13.281689 16.056992 13.169692 1.00784 
13.101037 12.429015 10.553271 65.38 
8.521294 7.960377 9.107539 65.38 
13.909210 8.519514 12.454600 65.38 
13.872855 14.034608 8.076139 65.38 
14.822248 7.995988 13.597605 15.999 
10.608927 6.304967 9.410704 15.999 
7.086038 9.539475 10.478780 15.999 
11.078278 11.594826 11.654807 15.999 
9.116081 16.052678 14.218170 1.00784 
*
11.532022 9.568148 12.780695 1.00784 
11.093080 9.313792 10.929092 1.00784 
10.685406 12.529090 11.607267 15.999 
13.305947 10.550775 10.349562 1.00784 
13.454342 15.559894 12.957037 65.38 
12.996696 12.802224 10.395630 65.38 
9.114603 7.159794 9.245855 65.38 
14.874395 8.814455 11.866025 65.38 
14.160012 14.537869 7.711009 15.999 
14.596563 7.843434 13.094194 15.999 
11.481285 6.947987 9.003785 15.999 
6.978664 8.690039 9.650156 15.999 
11.141745 11.862028 11.048140 1.00784 
9.613056 15.768052 14.531123 1.00784 
*
10.888468 9.581561 12.565114 1.00784 
11.583495 8.833576 10.810426 15.999 
10.716041 12.693374 11.271935 1.00784 
13.361450 10.596015 10.475745 65.38 
13.311663 15.576434 13.757114 65.38 
13.103466 12.914021 11.303209 65.38 
9.878086 7.746339 8.828433 65.38 
14.512566 8.784871 12.956678 15.999 
14.709339 13.463615 8.665273 15.999 
14.778636 7.913289 13.145894 15.999 
11.569394 6.156761 8.786535 15.999 
7.166867 8.593362 10.197100 1.00784 
10.988136 12.327469 10.829814 1.00784 
9.584105 16.083063 14.116507 1.00784 
*
10.630534 9.371291 12.308387 15.999 
11.859567 8.965052 10.571569 1.00784 
10.729425 12.471561 11.088057 65.38 
13.625640 10.987245 11.035815 65.38 
12.822328 15.885755 13.863476 65.38 
13.390452 12.544526 11.073444 65.38 
9.678834 7.471357 9.078705 15.999 
14.239271 8.841105 13.030276 15.999 
14.509300 13.615547 8.788884 15.999 
14.901385 8.290343 13.380994 15.999 
11.862553 5.594368 8.788018 1.00784 
7.255291 8.264276 10.613943 1.00784 
10.424334 12.290616 11.040024 1.00784 
9.760302 15.579636 14.565113 1.00784 
*
10.943109 9.489338 12.083414 1.00784 
11.316924 8.615257 11.062213 65.38 
10.942057 12.820967 11.604311 65.38 
13.361973 10.450763 10.208609 65.38 
13.418417 15.741364 13.800772 65.38 
12.740529 12.855535 11.420690 15.999 
9.954315 7.633334 8.573385 15.999 
14.235847 9.314164 13.358135 15.999 
14.528758 14.134862 8.265214 15.999 
15.081910 8.494229 13.546469 1.00784 
11.575548 6.839453 8.408037 1.00784 
7.278182 8.535597 9.944855 1.00784 
11.341490 13.029135 11.229470 1.00784 
10.036220 16.059722 14.202914 15.999 
*
10.589883 9.830726 12.969536 65.38 
11.308562 9.035874 11.134481 65.38 
10.905642 12.522100 11.271121 65.38 
13.827825 10.775978 9.991410 65.38 
12.951974 14.893971 13.871727 15.999 
13.144446 12.831860 11.434908 15.999 
10.093343 7.165544 8.345088 15.999 
14.574769 8.541011 12.517119 15.999 
14.343303 13.552289 9.122219 1.00784 
14.596995 7.498550 12.918468 1.00784 
12.015261 6.288596 8.567723 1.00784 
6.757163 8.707301 10.504043 1.00784 
10.699644 12.059744 10.463904 15.999 
9.981000 15.791836 14.563011 1.00784 
*
10.631119 9.076365 12.399158 65.38 
11.250407 9.144988 10.762718 65.38 
11.046898 12.908885 11.695598 65.38 
13.540604 10.937163 10.318626 15.999 
13.428980 15.133413 13.912893 15.999 
12.735288 12.536376 11.134775 15.999 
10.274596 7.681237 9.182046 15.999 
14.898337 8.502677 12.495346 1.00784 
15.209868 13.852938 9.092747 1.00784 
14.972352 7.439186 13.177815 1.00784 
11.849781 5.767317 8.479080 1.00784 
7.691640 8.986257 10.579190 15.999 
10.701757 12.051796 10.711086 1.00784 
9.411978 15.541416 13.947694 65.38 
*
10.747628 9.182714 12.739123 65.38 
11.727734 8.963384 10.493057 65.38 
10.932037 12.645362 11.576468 15.999 
13.080792 10.726680 10.314063 15.999 
13.330995 15.315952 14.002457 15.999 
12.837772 12.974578 11.014058 15.999 
9.653005 7.825549 8.618695 1.00784 
14.996520 9.226406 13.066887 1.00784 
14.897752 13.712616 8.349025 1.00784 
14.946844 7.690758 13.318195 1.00784 
11.405979 6.216812 8.986589 15.999 
7.753142 9.058158 9.722026 1.00784 
11.184141 12.753373 11.019247 65.38 
9.468676 15.768900 13.836922 65.38 
*
11.080804 9.821078 13.028014 65.38 
11.596055 8.783125 10.676392 15.999 
10.549639 12.965177 11.118450 15.999 
13.469897 10.352360 10.212803 15.999 
13.047617 15.158574 13.663024 15.999 
13.001759 12.707053 11.735203 1.00784 
9.537545 7.679189 8.794355 1.00784 
14.831663 8.262651 13.338109 1.00784 
14.948786 13.845311 8.499209 1.00784 
14.336289 8.255366 12.715308 15.999 
11.401578 5.773279 9.080961 1.00784 
6.659873 8.177867 9.918030 65.38 
10.837464 12.682545 10.522674 65.38 
9.468196 15.705565 14.375675 65.38 
*
10.645424 9.321125 12.899868 15.999 
11.260562 8.938639 11.142181 15.999 
10.873320 12.794246 10.925859 15.999 
13.966245 10.550356 10.288039 15.999 
13.170436 16.024006 13.322575 1.00784 
12.901508 13.197054 10.721952 1.00784 
9.931015 7.577965 9.168959 1.00784 
14.275605 8.933891 13.057522 1.00784 
15.053729 13.570438 8.980835 15.999 
14.615298 7.941980 13.437819 1.00784 
12.155348 6.111774 9.081958 65.38 
7.027403 8.495367 10.084491 65.38 
10.665233 12.046194 10.802990 65.38 
9.730604 15.762442 14.260432 65.38 
*
10.504395 8.925750 12.505664 15.999 
11.560056 8.669810 11.419195 15.999 
11.177522 13.081420 10.828611 15.999 
13.861091 10.778262 10.542346 1.00784 
12.982661 15.609744 13.192494 1.00784 
12.440743 13.607846 11.156876 1.00784 
9.384171 8.027218 9.504139 1.00784 
14.421308 8.889700 12.752919 15.999 
14.949878 13.117307 8.958977 1.00784 
14.057320 8.089045 13.112043 65.38 
12.114538 6.025050 9.204837 65.38 
7.354865 8.431070 10.229924 65.38 
10.290411 12.303795 10.338294 65.38 
9.526872 15.429161 13.805706 15.999 
*
10.678717 9.013059 12.564507 15.999 
11.333438 9.069020 11.505137 15.999 
10.582659 13.098260 11.292537 1.00784 
14.184046 10.733644 9.768627 1.00784 
13.008057 16.046124 13.583471 1.00784 
12.522027 12.641248 10.524541 1.00784 
9.850908 7.133318 9.176158 15.999 
14.393138 8.580198 13.421306 1.00784 
15.060541 13.479054 9.046179 65.38 
14.760059 8.097562 13.837929 65.38 
11.857147 6.124353 9.497058 65.38 
7.591458 8.482804 10.161275 65.38 
10.985468 12.126715 10.829744 15.999 
10.076361 15.480082 14.099211 15.999 
*
10.779581 9.701622 12.882508 15.999 
11.015703 8.447673 11.600351 1.00784 
10.765037 12.693436 10.712665 1.00784 
14.336642 10.529338 10.073465 1.00784 
13.219046 16.437660 13.568949 1.00784 
12.819667 13.217252 10.461286 15.999 
9.815393 7.740451 8.989237 1.00784 
13.908147 8.903989 13.342909 65.38 
14.551619 13.572097 8.622400 65.38 
14.303385 7.682224 13.395667 65.38 
12.036046 5.918311 9.367438 65.38 
7.173456 8.595702 10.317118 15.999 
10.638555 12.431874 10.634841 15.999 
9.315484 16.068729 14.515702 15.999 
*
10.153647 8.903103 12.857419 1.00784 
11.464933 9.140957 10.977179 1.00784 
11.300458 13.048321 10.774603 1.00784 
13.870284 10.712795 10.477587 1.00784 
13.131300 15.787418 13.650032 15.999 
13.166037 12.693310 10.753521 1.00784 
9.760917 7.139826 9.558853 65.38 
14.115854 9.099697 12.626196 65.38 
15.443571 13.712836 8.644882 65.38 
14.549021 8.215771 13.462812 65.38 
12.546320 5.833467 8.895848 15.999 
6.970485 8.497568 10.188731 15.999 
10.527816 12.252301 11.221313 15.999 
10.072956 15.399311 13.944655 15.999 
*
10.508459 9.502134 13.021122 1.00784 
11.205900 8.748539 11.068388 1.00784 
10.829598 12.469439 10.764813 1.00784 
13.952129 10.841007 10.525476 15.999 
13.262510 16.041063 13.076326 1.00784 
13.084786 13.018660 10.907145 65.38 
9.825404 7.796982 9.407277 65.38 
14.841399 8.516507 13.002995 65.38 
14.946779 13.973673 8.873462 65.38 
15.003797 7.558727 12.749164 15.999 
12.566825 5.991426 8.576075 15.999 
7.130195 8.630902 9.654086 15.999 
10.872066 12.581763 10.295193 15.999 
10.158049 15.741005 14.071377 1.00784 
*
10.830701 8.896351 13.217225 1.00784 
11.371068 8.495882 11.338985 1.00784 
10.613259 13.025209 10.918014 15.999 
13.919137 11.055931 10.035981 1.00784 
13.710115 16.354806 13.077980 65.38 
13.056892 12.822989 10.257865 65.38 
9.820701 7.759594 8.880613 65.38 
13.984911 9.127908 13.336587 65.38 
14.821787 13.899999 9.278824 15.999 
14.724634 7.794610 13.038741 15.999 
12.264997 5.960463 9.013788 15.999 
7.161770 8.735641 9.959383 15.999 
10.428706 12.234677 10.522762 1.00784 
9.434660 15.720547 13.906701 1.00784 
*
10.491197 8.600570 13.484126 1.00784 
11.644463 8.155417 11.345817 15.999 
10.685460 12.951287 10.375457 1.00784 
14.201575 11.512364 10.291391 65.38 
13.178383 16.613161 12.672113 65.38 
13.184822 12.846754 10.456252 65.38 
9.484267 7.876538 8.634849 65.38 
13.832548 9.572341 13.608572 15.999 
14.657351 13.709222 8.861862 15.999 
15.073856 7.698057 12.676533 15.999 
12.324559 6.430941 8.758333 15.999 
6.790254 8.324114 10.262544 1.00784 
10.137528 12.425388 10.814920 1.00784 
9.636360 15.991413 13.747953 1.00784 
*
10.790956 8.815954 13.552268 15.999 
10.922664 8.936427 11.120326 1.00784 
10.599476 12.717483 11.017887 65.38 
14.362972 11.161352 9.884293 65.38 
13.787746 16.447980 12.708048 65.38 
13.001096 12.910477 9.964659 65.38 
9.544231 7.483458 9.190828 15.999 
14.341728 8.690582 13.628459 15.999 
15.087491 13.975736 9.288787 15.999 
14.669580 7.749303 13.124327 15.999 
12.569005 6.029392 8.921416 1.00784 
6.973912 8.424694 10.405899 1.00784 
10.575864 12.116077 10.300925 1.00784 
8.918545 16.033198 13.759067 1.00784 
*
10.968404 9.118165 12.781586 1.00784 
11.159120 8.547542 11.659726 65.38 
10.628592 13.129259 10.889068 65.38 
14.076267 10.533350 10.110956 65.38 
13.503204 16.675281 13.466427 65.38 
12.904499 12.303817 10.207170 15.999 
10.146527 7.968557 9.117419 15.999 
14.195537 9.514552 12.969848 15.999 
14.282356 13.416586 8.887864 15.999 
14.595199 7.866777 13.570258 1.00784 
11.665609 5.528981 8.839350 1.00784 
7.170479 8.859013 10.227269 1.00784 
9.940921 12.464648 10.606583 1.00784 
9.254096 15.898606 13.510700 15.999 
*
11.142046 9.270979 13.027694 65.38 
11.052165 8.134129 11.473302 65.38 
10.525621 13.632497 10.852683 65.38 
13.778302 10.238327 10.260471 65.38 
13.632087 16.904263 13.050436 15.999 
13.184857 11.953786 10.535546 15.999 
10.638237 8.175446 8.547393 15.999 
14.383167 9.563855 12.744348 15.999 
14.419534 13.615192 9.242938 1.00784 
15.141218 8.101939 13.445399 1.00784 
12.233994 5.275867 8.415867 1.00784 
7.145853 8.678626 9.816288 1.00784 
10.132344 12.512171 10.799590 15.999 
9.390701 16.396656 13.859917 1.00784 
*
10.615101 9.117333 12.499070 65.38 
11.682317 8.508562 11.905587 65.38 
10.260282 13.441007 11.262466 65.38 
14.033187 10.531394 9.906990 15.999 
13.343857 16.603720 13.637565 15.999 
12.575683 11.935232 10.322123 15.999 
10.508606 7.385291 8.739716 15.999 
14.680104 9.546936 12.983815 1.00784 
14.100343 12.926038 8.503631 1.00784 
14.911843 7.829177 12.983850 1.00784 
11.919915 5.330170 8.837041 1.00784 
7.573630 8.216770 10.467022 15.999 
10.532980 12.479136 10.169376 1.00784 
9.038742 15.256224 13.803510 65.38 
*
11.209856 9.105732 12.448953 65.38 
11.335681 8.412595 11.968010 65.38 
10.245958 13.488481 11.190310 15.999 
13.681937 10.435890 10.278032 15.999 
14.005465 17.029360 12.887691 15.999 
12.783447 11.949080 9.882168 15.999 
10.508650 8.087177 8.896682 1.00784 
14.418445 9.245989 12.434375 1.00784 
14.398455 13.186505 9.001268 1.00784 
15.003326 8.039276 13.209134 1.00784 
11.561882 5.455531 8.239743 15.999 
7.666713 8.842451 9.810968 1.00784 
10.390258 12.159593 10.537643 65.38 
9.151194 15.859349 13.418902 65.38 
*
10.557157 8.957036 12.862872 65.38 
11.493007 8.120936 11.480103 15.999 
10.545726 13.542891 11.123482 15.999 
14.302977 10.950906 9.965365 15.999 
13.865689 16.664135 13.593497 15.999 
12.438781 11.830066 9.827265 1.00784 
9.656148 7.547201 9.062463 1.00784 
14.176221 9.396214 12.805381 1.00784 
14.147657 13.799134 9.354250 1.00784 
14.653677 7.334713 13.635004 15.999 
12.039530 5.674181 8.510682 1.00784 
7.116884 9.083290 10.241407 65.38 
10.271787 12.494174 11.107993 65.38 
9.174638 15.681675 13.448496 65.38 
*
10.570417 9.236516 13.055453 15.999 
11.371215 8.749800 11.690165 15.999 
10.946920 13.271956 10.768878 15.999 
14.060871 10.080308 9.888706 15.999 
13.148799 16.712817 13.015600 1.00784 
12.765518 11.827512 10.568790 1.00784 
10.600502 7.714697 8.982977 1.00784 
14.089184 9.909651 13.069279 1.00784 
14.138913 13.588732 8.458584 15.999 
14.181197 7.597962 13.914517 1.00784 
11.244253 5.244635 9.172653 65.38 
6.727217 8.793843 10.311307 65.38 
9.718940 12.723505 10.889053 65.38 
8.921691 16.292823 13.140004 65.38 
*
10.985019 8.842646 12.502686 15.999 
11.501005 8.918423 11.672197 15.999 
10.343640 13.511224 10.601266 15.999 
13.672583 10.106962 10.577449 1.00784 
13.815706 16.395386 13.475967 1.00784 
13.242972 12.375251 10.158240 1.00784 
10.300648 7.933180 9.580743 1.00784 
14.291305 9.225577 13.161786 15.999 
14.498637 13.109924 8.440777 1.00784 
14.537243 7.601416 13.424759 65.38 
11.430889 5.730469 8.542707 65.38 
7.247168 8.875792 10.207015 65.38 
10.358164 12.790398 10.392389 65.38 
9.745744 16.234789 13.735530 15.999 
*
10.958753 9.498774 13.186680 15.999 
10.892509 8.930113 11.623012 15.999 
10.741674 12.863874 10.351971 1.00784 
13.905934 10.009488 10.277437 1.00784 
14.178326 16.922477 13.098013 1.00784 
12.859170 11.816600 10.429173 1.00784 
10.358674 8.371518 9.099267 15.999 
14.768108 9.772485 13.241466 1.00784 
14.194419 13.062447 8.464097 65.38 
14.333646 8.132963 13.403474 65.38 
12.046142 5.384390 9.031677 65.38 
7.013496 9.117195 10.339195 65.38 
9.901536 12.127545 10.549811 15.999 
9.186009 16.233979 13.143941 15.999 
*
10.879974 9.724445 13.066647 15.999 
10.620374 9.208878 12.121358 1.00784 
11.100533 12.739919 10.256522 1.00784 
14.054756 9.578418 10.121741 1.00784 
13.709065 16.464375 12.853588 1.00784 
12.839846 12.183045 10.574614 15.999 
10.655594 8.491538 8.685345 1.00784 
14.566206 10.114044 13.580440 65.38 
13.746362 13.144132 8.018745 65.38 
13.781333 8.356921 13.147083 65.38 
11.490643 4.999972 9.088451 65.38 
6.929114 9.523767 10.416232 15.999 
9.776136 11.961192 10.235409 15.999 
8.895320 15.956476 13.214446 15.999 
*
11.168334 9.846417 13.479174 1.00784 
10.799169 8.709336 11.743957 1.00784 
10.756737 12.899891 9.927045 1.00784 
14.073286 9.730481 10.666390 1.00784 
13.740830 17.058624 12.884910 15.999 
12.681979 12.040377 9.952892 1.00784 
10.263179 8.130048 8.799243 65.38 
14.382655 9.736415 13.048452 65.38 
13.919859 12.894428 8.362222 65.38 
13.905758 8.376332 13.874923 65.38 
11.823526 5.534182 8.520291 15.999 
6.594418 9.468888 10.624163 15.999 
9.846528 12.478955 10.180010 15.999 
9.422046 16.303922 13.154785 15.999 
*
11.406213 9.578807 13.441787 1.00784 
11.085970 8.814109 11.405605 1.00784 
10.417362 12.959768 10.335742 1.00784 
14.113963 9.901345 10.482652 15.999 
14.022092 17.289445 13.268414 1.00784 
12.230929 11.706045 9.702506 65.38 
10.064771 8.046163 9.000520 65.38 
14.135848 10.068251 13.512227 65.38 
13.502344 13.137330 8.314292 65.38 
14.207445 8.046682 13.502160 15.999 
11.696354 5.099909 8.446593 15.999 
6.654342 9.596815 10.840720 15.999 
9.579393 12.090654 10.012106 15.999 
8.948963 16.163316 13.208816 1.00784 
*
10.861511 10.065914 13.124173 1.00784 
11.173781 8.561930 11.359340 1.00784 
10.268520 12.709435 10.289986 15.999 
14.418945 9.897503 11.077397 1.00784 
14.016155 17.063534 12.690610 65.38 
12.669090 11.805016 10.341569 65.38 
10.186223 8.095865 8.566604 65.38 
14.129243 9.716923 13.178765 65.38 
13.868754 13.221503 7.964030 15.999 
13.863825 8.389788 13.470972 15.999 
11.922764 5.143088 8.759413 15.999 
7.035219 9.412026 10.238192 15.999 
10.199312 12.593118 9.998963 1.00784 
9.303493 15.953083 13.289701 1.00784 
*
10.863274 10.223133 13.260127 1.00784 
11.404196 8.633196 11.046118 15.999 
10.217087 12.744703 10.235923 1.00784 
14.241944 9.520290 11.106568 65.38 
13.993273 16.823953 12.230861 65.38 
12.866381 11.983176 10.276101 65.38 
10.198720 8.345509 8.933352 65.38 
13.802703 9.939707 13.625959 15.999 
13.749116 12.840475 7.951024 15.999 
14.129058 7.963356 13.754352 15.999 
11.703938 4.701103 9.024382 15.999 
7.362043 9.803779 9.972042 1.00784 
10.289598 12.710453 10.493781 1.00784 
9.590296 15.784028 13.696331 1.00784 
*
10.498930 9.726748 12.890674 15.999 
11.543436 8.874669 11.798226 1.00784 
10.164799 12.537133 10.359629 65.38 
14.546245 10.314949 10.954394 65.38 
13.660057 17.289649 12.648680 65.38 
12.337246 11.433452 10.150035 65.38 
10.147035 7.544136 8.472242 15.999 
14.524437 9.838888 13.177056 15.999 
13.558683 12.893563 7.915858 15.999 
14.169721 8.338946 13.062694 15.999 
11.955866 5.093096 8.976530 1.00784 
7.220379 8.994701 10.575010 1.00784 
10.390700 12.326393 9.687208 1.00784 
9.331965 15.976133 13.510164 1.00784 
*
11.181188 9.685257 12.851165 1.00784 
10.902698 8.848398 11.124578 65.38 
10.306460 12.984044 10.501082 65.38 
14.170957 9.635159 11.524385 65.38 
14.070224 17.156415 12.472502 65.38 
12.712875 11.621459 10.600974 15.999 
10.716238 8.505212 8.197296 15.999 
14.135539 9.563670 12.972850 15.999 
13.741014 12.997524 8.445148 15.999 
13.995297 8.621186 13.847550 1.00784 
12.255414 4.961139 8.975142 1.00784 
6.957247 9.469736 10.739348 1.00784 
10.217087 12.785593 9.845206 1.00784 
9.169601 15.703074 12.880502 15.999 
*
10.550318 9.790896 13.487088 65.38 
11.507359 8.928339 11.391072 65.38 
10.520597 12.743170 9.735571 65.38 
14.087815 9.652688 11.391083 65.38 
14.142744 16.832848 12.986508 15.999 
12.966052 11.830746 9.904736 15.999 
10.155023 7.845369 8.533401 15.999 
14.223948 10.062794 12.908790 15.999 
13.923975 13.365886 8.298499 1.00784 
13.566969 8.558448 13.421946 1.00784 
11.660460 5.609329 8.823392 1.00784 
7.293702 9.797652 9.923065 1.00784 
9.999978 13.139364 9.824285 15.999 
8.657748 15.620552 13.093486 1.00784 
*
10.718244 9.940345 12.972605 65.38 
11.314642 8.287747 11.372295 65.38 
10.648671 12.829912 10.257420 65.38 
14.212518 9.737159 11.306506 15.999 
13.795795 17.150397 12.567480 15.999 
12.449478 11.950039 10.224170 15.999 
9.689383 8.703884 8.417145 15.999 
13.986987 9.874005 12.892475 1.00784 
13.554933 13.148952 7.593547 1.00784 
14.233943 8.870203 14.021097 1.00784 
12.184034 5.791131 8.880720 1.00784 
6.617347 9.800344 10.734144 15.999 
10.563187 13.275312 10.377208 1.00784 
9.643452 16.370974 13.465829 65.38 
*
11.220423 10.257060 13.292269 65.38 
10.926492 8.509325 11.583860 65.38 
10.482370 12.223041 9.883184 15.999 
14.207081 10.314671 11.262041 15.999 
13.810545 17.233584 12.900716 15.999 
13.021367 11.765253 10.237763 15.999 
10.139972 8.205952 8.200089 1.00784 
13.766882 9.662588 13.323481 1.00784 
14.085200 13.287822 8.163135 1.00784 
13.439015 8.455819 13.696375 1.00784 
11.427282 4.818468 8.873520 15.999 
7.245491 9.599484 10.466087 1.00784 
10.005548 12.122909 9.405661 65.38 
9.661263 15.972428 12.717163 65.38 
*
10.859105 9.902186 13.092888 65.38 
10.941728 8.554563 11.739213 15.999 
10.556356 12.650405 9.702375 15.999 
14.431637 9.874723 11.386357 15.999 
14.337254 16.758965 12.934047 15.999 
12.500674 11.846432 9.869964 1.00784 
9.926735 8.453729 8.858981 1.00784 
13.972944 10.090069 13.427614 1.00784 
13.569458 13.215330 7.924365 1.00784 
13.993711 8.165446 13.436956 15.999 
11.407651 5.499587 8.736923 1.00784 
7.008756 9.804940 10.030821 65.38 
10.217342 13.135845 9.447734 65.38 
9.618992 15.797804 12.837287 65.38 
*
11.058146 10.016709 13.162218 15.999 
11.415057 8.583047 11.038472 15.999 
10.390786 12.999347 10.497488 15.999 
14.048732 9.650113 10.980847 15.999 
13.671429 16.742518 13.149100 1.00784 
12.298967 11.346204 10.599983 1.00784 
9.790066 8.583188 8.858081 1.00784 
14.345409 10.160526 12.864306 1.00784 
13.885583 13.136948 8.597894 15.999 
13.840710 7.917562 13.499828 1.00784 
11.532299 5.436098 9.355359 65.38 
6.664452 9.266235 10.367718 65.38 
10.355289 12.416482 9.886414 65.38 
9.476984 15.831782 13.821716 65.38 
*
10.941840 10.011982 13.053983 15.999 
11.372568 8.687584 11.799528 15.999 
10.126725 12.854086 10.088508 15.999 
14.614331 9.688843 10.831554 1.00784 
13.555972 17.232553 12.746149 1.00784 
12.496041 11.642738 10.681927 1.00784 
10.053307 7.949066 8.486412 1.00784 
13.798301 9.958456 13.441135 15.999 
14.175294 13.658054 8.165574 1.00784 
13.818237 8.407403 13.655907 65.38 
12.121296 5.649748 9.034424 65.38 
6.850117 9.039123 9.982580 65.38 
9.897467 12.433457 9.685256 65.38 
9.653200 15.788349 13.702977 15.999 
*
10.525392 9.928466 13.427139 15.999 
11.418690 8.510736 11.737574 15.999 
10.578241 12.765909 9.901820 1.00784 
14.030800 10.079779 10.863799 1.00784 
14.488608 16.544909 12.879416 1.00784 
12.734581 11.863972 10.032488 1.00784 
10.482910 8.255409 8.489484 15.999 
13.809029 9.692770 12.975186 1.00784 
13.468561 13.604543 7.441165 65.38 
13.964734 8.614806 13.898055 65.38 
11.648056 5.573815 8.336502 65.38 
7.154325 9.430503 10.230280 65.38 
10.386913 12.669869 10.103382 15.999 
9.618479 15.574501 13.370958 15.999 
*
11.195516 10.159895 13.333221 15.999 
10.891450 8.851714 11.559202 1.00784 
10.081146 13.040463 9.933090 1.00784 
14.510677 9.403363 11.049865 1.00784 
14.068956 16.737559 12.807509 1.00784 
12.660094 11.941619 10.129296 15.999 
10.393130 7.915860 8.808352 1.00784 
13.765792 9.336991 12.742150 65.38 
13.838186 12.882621 7.529840 65.38 
13.550031 8.363788 13.325399 65.38 
12.040627 5.366276 9.238396 65.38 
7.500351 9.004325 10.122005 15.999 
10.463938 12.485175 10.203990 15.999 
9.505833 15.796967 13.271252 15.999 
*
11.117239 10.093315 13.370701 1.00784 
11.163918 9.016541 11.259391 1.00784 
9.864005 12.645132 10.489932 1.00784 
14.484841 9.603101 10.809746 1.00784 
14.258409 17.144753 12.761379 15.999 
12.892473 11.782234 10.221320 1.00784 
10.299871 8.146894 8.509603 65.38 
13.815252 9.350848 13.207315 65.38 
13.945789 13.762900 8.210167 65.38 
14.073598 8.860172 13.192558 65.38 
11.819259 5.761359 8.345206 15.999 
7.044480 9.174133 9.695108 15.999 
10.274702 12.225839 9.821428 15.999 
9.719683 16.465465 13.218122 15.999 
*
10.818094 9.761740 13.371214 1.00784 
11.312053 8.584277 11.455523 1.00784 
10.458554 12.641285 10.011003 1.00784 
13.869521 10.178943 10.833873 15.999 
14.421920 17.260309 12.487158 1.00784 
12.904638 11.564487 10.675353 65.38 
10.177749 8.150278 8.518989 65.38 
14.205128 9.735462 13.348844 65.38 
13.675837 12.725324 7.874634 65.38 
13.710786 8.346617 13.636201 15.999 
11.998143 5.274718 8.622265 15.999 
7.327279 9.129375 10.133614 15.999 
10.584819 12.904106 10.473811 15.999 
9.072414 15.689352 13.534881 1.00784 
*
10.786908 9.764195 13.259769 1.00784 
11.011251 8.717166 11.556515 1.00784 
10.189409 12.589766 10.165009 15.999 
14.452386 10.024087 10.968378 1.00784 
14.053640 17.373920 12.565339 65.38 
12.842195 11.640588 9.884556 65.38 
10.325708 8.499218 8.540736 65.38 
14.565750 10.086969 13.230748 65.38 
14.263659 13.069258 7.964328 15.999 
13.591949 8.565267 13.201906 15.999 
11.905932 5.082593 8.251816 15.999 
7.403549 9.104364 10.190173 15.999 
10.521101 12.283241 10.206174 1.00784 
9.579744 15.676784 13.246048 1.00784 
*
10.919553 10.126602 12.958223 1.00784 
10.758380 8.521147 11.537313 15.999 
10.499268 12.754665 10.044148 1.00784 
14.409285 9.739736 11.030521 65.38 
14.485996 17.211223 12.652087 65.38 
12.710752 11.827290 10.708251 65.38 
10.135590 7.971886 8.761279 65.38 
13.736476 10.001229 13.087454 15.999 
13.948013 13.659708 8.640761 15.999 
14.098722 8.616428 13.772969 15.999 
11.905352 5.413848 8.689220 15.999 
7.311723 9.083338 10.638051 1.00784 
10.666172 12.571984 10.595395 1.00784 
9.077964 16.447435 13.871456 1.00784 
*
10.616845 9.656652 13.005428 15.999 
10.822456 8.409149 11.259335 1.00784 
10.782376 13.112873 10.324882 65.38 
14.436538 9.895074 10.878460 65.38 
14.093454 17.289850 13.136556 65.38 
12.951468 12.236752 10.825986 65.38 
9.990958 8.231178 8.845255 15.999 
14.042116 10.040892 13.465899 15.999 
13.815867 13.649313 8.378084 15.999 
13.919466 7.895179 13.694812 15.999 
12.159173 5.077413 8.731422 1.00784 
6.690701 9.400579 10.350832 1.00784 
10.391307 12.136155 10.033911 1.00784 
9.321044 16.060414 13.093824 1.00784 
*
10.456781 9.821642 12.985524 1.00784 
11.063981 8.867298 11.486424 65.38 
10.248396 12.458742 10.449488 65.38 
14.968209 9.928263 11.031511 65.38 
13.692881 17.322341 12.339595 65.38 
13.153813 11.914635 10.688254 15.999 
9.873459 8.539169 8.337261 15.999 
14.273919 9.675214 13.244978 15.999 
14.071838 13.487309 7.896744 15.999 
13.853307 8.251924 13.811041 1.00784 
12.140893 5.350751 9.011176 1.00784 
6.807019 9.239690 9.901046 1.00784 
10.155502 12.472963 9.718530 1.00784 
8.974096 15.777359 13.592089 15.999 
*
10.680007 10.252785 13.195890 65.38 
11.230266 8.273111 11.384965 65.38 
10.625188 12.883451 10.335426 65.38 
14.427650 9.778711 10.881984 65.38 
13.519424 17.136346 12.639664 15.999 
12.397385 11.825424 10.590076 15.999 
9.768218 8.409124 8.761833 15.999 
14.417967 9.528716 13.214148 15.999 
13.473944 13.224538 7.412558 1.00784 
13.877183 8.456851 13.327789 1.00784 
11.896459 5.462194 8.432054 1.00784 
6.716124 9.626571 9.882725 1.00784 
10.167532 12.500652 9.914779 15.999 
9.193750 16.383111 12.621059 1.00784 
*
10.536876 10.312041 12.921983 65.38 
11.417900 8.217348 11.694798 65.38 
10.423586 12.576464 10.255049 65.38 
14.137343 9.979181 10.791247 15.999 
14.155008 16.767453 12.529275 15.999 
12.822407 11.879838 10.719571 15.999 
10.153765 8.662438 9.150736 15.999 
14.549263 9.380077 12.987894 1.00784 
13.353214 13.021461 8.109883 1.00784 
13.540143 8.056521 13.330074 1.00784 
11.816727 5.099636 8.479531 1.00784 
7.246505 9.366035 9.860225 15.999 
10.437691 13.227383 10.181581 1.00784 
8.894820 16.087152 13.545450 65.38 
*
11.086283 9.766169 12.958064 65.38 
11.060290 8.249873 11.683860 65.38 
10.250949 12.624439 10.485177 15.999 
14.340577 10.384246 10.883921 15.999 
13.998512 17.017745 12.193139 15.999 
12.634767 12.263167 9.866329 15.999 
9.872545 8.302884 8.593082 1.00784 
14.292590 9.823401 12.959028 1.00784 
13.399265 13.048655 8.105299 1.00784 
13.452718 8.825468 13.177986 1.00784 
11.906638 5.475817 9.007220 15.999 
6.955207 9.197172 10.191944 1.00784 
10.387221 12.688090 10.479208 65.38 
9.513543 16.168532 13.737691 65.38 
*
11.208786 9.804168 13.057766 65.38 
11.444372 8.594891 11.453420 15.999 
9.896484 12.888875 10.049897 15.999 
14.080088 10.053030 11.062403 15.999 
13.869905 17.336114 13.252594 15.999 
13.036604 11.418455 10.102850 1.00784 
10.211512 7.618829 8.961500 1.00784 
14.275632 9.851108 13.106162 1.00784 
14.234731 13.127266 8.279799 1.00784 
13.410343 8.406478 13.859873 15.999 
11.898100 5.071648 8.933404 1.00784 
7.226082 9.294213 10.017759 65.38 
10.187279 12.668077 10.240108 65.38 
9.212794 15.393839 13.307719 65.38 
*
10.703888 10.074668 13.509206 15.999 
11.046565 8.581255 11.256735 15.999 
10.481615 12.871900 10.335308 15.999 
14.137740 9.863083 10.738811 15.999 
14.271029 17.395599 12.307638 1.00784 
12.703016 11.170447 10.577185 1.00784 
10.375663 8.413859 8.710415 1.00784 
14.756031 9.381840 13.492488 1.00784 
13.935469 13.264106 7.835910 15.999 
14.499962 8.593469 13.686800 1.00784 
11.588379 5.497092 8.991264 65.38 
6.813223 9.603262 9.951512 65.38 
10.524979 12.247340 9.751630 65.38 
9.341555 15.595907 12.962212 65.38 
*
10.757680 10.103421 13.511816 15.999 
11.360762 8.842624 11.402390 15.999 
10.159656 12.965077 9.928489 15.999 
14.540645 9.876492 11.166658 1.00784 
13.756438 16.506825 12.834681 1.00784 
12.373253 11.251327 10.104247 1.00784 
9.927689 7.528935 8.175815 1.00784 
14.281424 9.231626 13.380642 15.999 
13.701668 13.220709 8.068567 1.00784 
13.582575 7.923215 13.063452 65.38 
11.608998 5.192502 8.992048 65.38 
6.628890 9.042364 10.463903 65.38 
10.533505 12.579300 9.636152 65.38 
9.447673 15.427934 13.093615 15.999 
*
10.516406 10.498397 13.051091 15.999 
10.827675 8.161469 11.536918 15.999 
10.717982 12.908191 10.664334 1.00784 
14.415091 9.698507 10.751351 1.00784 
13.748560 17.178349 12.250674 1.00784 
13.046292 11.784982 10.780664 1.00784 
9.982300 7.861219 8.673967 15.999 
14.587840 9.473355 12.849339 1.00784 
14.491228 13.056096 7.718117 65.38 
13.646809 8.313416 13.289716 65.38 
11.776685 5.348733 8.508843 65.38 
6.818360 9.367975 9.834771 65.38 
10.806281 12.870463 9.672088 15.999 
9.775341 15.655637 13.186306 15.999 
*
11.309375 10.159617 13.604359 15.999 
10.684659 8.677584 11.236406 1.00784 
10.416692 12.614202 10.225425 1.00784 
14.369038 9.936230 10.788754 1.00784 
13.615976 17.304755 12.880739 1.00784 
13.025080 11.999372 9.965018 15.999 
10.032964 7.985874 8.528894 1.00784 
13.640736 9.297881 13.404574 65.38 
13.923794 12.968106 7.685237 65.38 
13.975821 8.350443 13.658048 65.38 
12.295798 5.425484 9.018339 65.38 
6.663436 8.831781 10.181506 15.999 
10.614105 12.128205 9.960866 15.999 
9.741581 15.491990 13.494633 15.999 
*
11.260851 10.340064 12.815829 1.00784 
10.730420 8.839415 11.812936 1.00784 
10.122509 12.532929 9.977277 1.00784 
14.824683 9.787958 11.366249 1.00784 
14.127221 17.088681 12.993449 15.999 
12.566237 11.194501 9.897425 1.00784 
9.845892 8.286669 8.140864 65.38 
13.874960 9.654134 12.830633 65.38 
13.488230 13.189337 7.911634 65.38 
14.126509 8.082726 13.125109 65.38 
11.875023 4.699464 8.448377 15.999 
7.010219 9.772683 10.552482 15.999 
9.940090 11.984681 10.436456 15.999 
8.924841 16.065467 13.392668 15.999 
*
10.924961 9.808000 13.434936 1.00784 
11.407615 8.506854 11.375917 1.00784 
10.353149 12.788398 10.182494 1.00784 
14.155484 10.036759 10.777658 15.999 
14.194341 16.997420 12.542567 1.00784 
12.234629 11.731592 9.893914 65.38 
9.842320 7.851847 9.074550 65.38 
14.112354 10.250214 13.133199 65.38 
13.920105 13.539583 8.427599 65.38 
13.801683 8.860857 13.076475 15.999 
11.629030 5.212562 8.800087 15.999 
6.912064 9.470258 10.594252 15.999 
10.373880 12.775266 10.404582 15.999 
9.071593 15.915561 13.683728 1.00784 
*
10.904813 9.934379 13.602426 1.00784 
11.196530 8.764475 11.189690 1.00784 
10.490521 12.455908 9.960084 15.999 
13.873891 9.955939 10.998812 1.00784 
14.603556 17.013200 12.273419 65.38 
12.546878 11.859668 10.328497 65.38 
9.928973 7.688616 9.264569 65.38 
14.456765 10.391914 12.942314 65.38 
14.310983 13.010622 8.106249 15.999 
13.628121 8.220702 12.989179 15.999 
11.658808 4.591045 8.285450 15.999 
7.314367 9.527061 10.710631 15.999 
10.696336 12.864905 10.388560 1.00784 
9.363595 16.186083 13.429637 1.00784 
*
