12.253698 9.321422 12.967393 65.38 
9.849340 10.088704 10.561388 65.38 
11.826764 12.486925 11.840944 65.38 
12.773550 10.217072 10.305052 65.38 
11.717980 14.134613 12.558675 15.999 
11.258660 10.629954 11.823568 15.999 
11.291763 9.490874 9.265988 15.999 
13.782961 9.128192 11.581129 15.999 
13.990604 12.453282 10.407369 1.00784 
13.919014 8.185428 11.318563 1.00784 
11.187123 9.810825 8.340452 1.00784 
8.329540 10.049782 10.434313 1.00784 
13.067374 12.140162 10.262415 15.999 
11.024655 14.133361 13.260338 1.00784 
*
11.869039 8.933540 13.098434 65.38 
9.689579 9.733026 10.796823 65.38 
12.229188 12.529731 11.491547 65.38 
12.633505 10.642345 10.451688 15.999 
11.898748 14.274803 12.561910 15.999 
11.264590 11.194749 11.235819 15.999 
11.566381 9.538326 9.542161 15.999 
14.114355 9.286245 10.984081 1.00784 
14.255777 12.612601 10.191241 1.00784 
14.412732 7.977106 11.479498 1.00784 
11.098230 9.530867 8.603064 1.00784 
8.484506 10.606070 10.234053 15.999 
13.399962 12.304687 10.592320 1.00784 
11.002028 14.381557 12.795974 65.38 
*
11.568210 9.048162 12.948963 65.38 
10.113402 9.552376 10.743507 65.38 
11.918377 12.615360 11.491659 15.999 
12.798487 10.749592 10.322835 15.999 
11.851638 13.816970 12.803214 15.999 
11.028443 11.583503 11.380720 15.999 
12.023696 9.672210 9.963415 1.00784 
14.369714 9.374306 11.418627 1.00784 
14.097184 12.128151 10.209342 1.00784 
14.143001 7.960994 11.798449 1.00784 
11.445401 9.522694 8.294448 15.999 
9.042667 10.364740 10.225819 1.00784 
13.403688 12.245126 10.820857 65.38 
11.401201 14.635788 12.795539 65.38 
*
11.478123 9.243633 12.719056 65.38 
10.660445 9.612474 10.813817 15.999 
11.550357 12.667444 11.472872 15.999 
12.519013 10.549947 10.535289 15.999 
12.358231 14.184839 13.053513 15.999 
11.466823 11.316348 10.957552 1.00784 
11.678433 9.612535 10.110717 1.00784 
14.431482 8.970851 11.657120 1.00784 
14.658438 11.701549 10.367794 1.00784 
14.175180 7.877207 11.867217 15.999 
11.499713 9.238251 7.975309 1.00784 
9.015458 10.053905 10.111030 65.38 
13.438251 12.099757 10.585658 65.38 
11.794527 14.170136 12.652985 65.38 
*
11.867129 8.985164 12.992574 15.999 
10.540548 9.396765 10.812251 15.999 
11.127659 13.220326 11.713455 15.999 
12.557955 10.280376 9.993705 15.999 
12.240421 14.593700 12.928721 1.00784 
11.800934 11.224160 10.664742 1.00784 
11.741562 9.399629 10.435537 1.00784 
14.741668 8.913255 11.850738 1.00784 
14.507838 12.199725 10.338878 15.999 
13.742164 8.127247 11.582548 1.00784 
11.918667 9.026524 8.021939 65.38 
9.014571 10.593504 10.232630 65.38 
13.232183 12.209113 10.078397 65.38 
11.678275 14.597193 12.233594 65.38 
*
11.941209 9.192451 12.818889 15.999 
10.638140 8.876427 11.005520 15.999 
10.740316 13.439643 12.094375 15.999 
12.516026 10.451345 9.863685 1.00784 
12.510048 14.792149 12.792986 1.00784 
12.117372 11.299594 10.794194 1.00784 
11.280380 9.418879 9.888662 1.00784 
15.083583 8.666459 11.845527 15.999 
14.620531 11.912751 10.268086 1.00784 
13.615404 7.425698 11.591438 65.38 
11.713338 8.426983 8.441046 65.38 
8.514724 9.889022 10.742457 65.38 
13.312783 11.624248 10.059259 65.38 
11.215025 14.598887 12.419711 15.999 
*
12.294289 9.414212 12.843691 15.999 
10.495635 8.660715 10.697417 15.999 
10.370689 13.298796 12.208587 1.00784 
12.587461 10.549644 9.961299 1.00784 
12.856823 14.764311 13.159918 1.00784 
12.393185 11.302663 11.214929 1.00784 
10.901027 9.098016 9.777730 15.999 
15.273325 8.947692 11.382100 1.00784 
14.761827 12.176994 10.429162 65.38 
13.923875 7.142897 12.087412 65.38 
11.791147 8.147202 8.696412 65.38 
7.968196 10.313070 10.616181 65.38 
13.302639 12.031046 10.303696 15.999 
11.192743 15.209813 11.987838 15.999 
*
12.063780 9.053287 12.570162 15.999 
10.564259 9.023863 10.695136 1.00784 
10.682692 13.315188 12.182212 1.00784 
12.790730 10.716455 10.125030 1.00784 
12.459116 15.155094 13.280892 1.00784 
12.387209 11.013980 11.199915 15.999 
10.476231 8.713480 10.030570 1.00784 
15.523054 8.984986 11.707686 65.38 
14.823249 12.202625 9.887124 65.38 
13.954602 6.808700 11.688925 65.38 
11.947451 7.791722 8.302072 65.38 
7.506158 10.447708 10.487079 15.999 
12.794885 12.011997 10.280998 15.999 
10.766304 15.572044 12.151232 15.999 
*
12.127300 8.940582 12.771694 1.00784 
10.841924 8.680394 10.609213 1.00784 
10.654287 13.017962 11.723639 1.00784 
12.928627 10.894795 10.489042 1.00784 
12.108248 15.527217 13.210580 15.999 
12.015560 11.598473 11.131544 1.00784 
9.884345 8.910841 10.302725 65.38 
15.320902 9.570139 11.696368 65.38 
14.280102 11.986766 9.583630 65.38 
13.445691 6.827857 12.019179 65.38 
11.741923 7.654301 8.516810 15.999 
7.221076 10.517492 10.371550 15.999 
13.058742 11.842203 9.958425 15.999 
10.123299 15.493959 12.083801 15.999 
*
12.431999 8.784326 12.731618 1.00784 
10.028054 8.505262 10.110696 1.00784 
10.744821 13.904929 12.495438 1.00784 
13.074502 10.526724 10.483080 15.999 
12.400999 15.036279 12.822167 1.00784 
12.307125 10.822311 11.504943 65.38 
10.356710 9.538941 9.665066 65.38 
14.990781 8.880577 11.403088 65.38 
14.660242 12.837364 9.587306 65.38 
13.624753 7.310809 12.001858 15.999 
11.538086 8.274792 8.310413 15.999 
7.282013 10.870247 10.233243 15.999 
12.736676 12.258021 9.798619 15.999 
10.267410 15.968058 11.876769 1.00784 
*
12.126557 8.800563 12.527066 1.00784 
10.648218 8.683546 10.300096 1.00784 
10.552701 13.391418 12.589951 15.999 
12.940202 10.639018 9.787733 1.00784 
12.296569 15.531631 13.505196 65.38 
12.638134 10.870708 11.007750 65.38 
10.385444 9.220190 10.094601 65.38 
15.467402 9.443609 11.929416 65.38 
14.290082 12.149205 10.219503 15.999 
14.137874 7.065059 12.060060 15.999 
11.577568 7.423647 8.830027 15.999 
7.199264 10.533011 10.928535 15.999 
12.562180 12.396450 10.506786 1.00784 
10.360610 15.677940 12.641499 1.00784 
*
12.233764 9.233723 12.819537 1.00784 
10.585881 8.690572 10.268802 15.999 
10.964639 13.691989 12.293708 1.00784 
12.254145 10.376164 10.178298 65.38 
12.829797 15.562306 13.185130 65.38 
12.663409 10.657711 11.395061 65.38 
10.005109 8.376271 9.607929 65.38 
15.474218 9.425710 12.064145 15.999 
14.445753 12.057239 9.842922 15.999 
14.117103 6.480180 11.700279 15.999 
11.431112 7.956909 8.397018 15.999 
7.693376 10.772894 10.724334 1.00784 
13.178481 12.295284 10.020743 1.00784 
11.141169 15.435247 12.157798 1.00784 
*
11.845714 8.939501 12.506072 15.999 
10.701227 9.435243 10.697931 1.00784 
10.257991 13.281469 11.783638 65.38 
13.205234 10.579391 9.935742 65.38 
12.453329 15.202517 13.728961 65.38 
12.152629 11.197591 11.650915 65.38 
10.850859 8.728896 10.825539 15.999 
15.150345 8.764712 11.916926 15.999 
14.666075 11.943173 10.418792 15.999 
13.922419 6.956913 11.622199 15.999 
12.338793 7.860166 8.472690 1.00784 
7.891802 10.629730 10.237329 1.00784 
13.129456 11.775494 10.390401 1.00784 
11.205011 16.005349 11.990946 1.00784 
*
11.802370 8.681859 12.659120 1.00784 
10.645347 8.588048 10.279958 65.38 
10.465257 13.740876 11.861174 65.38 
12.632067 10.997121 10.544655 65.38 
12.441701 15.656434 13.444660 65.38 
12.960382 11.282282 11.201843 15.999 
10.886013 8.418796 9.991513 15.999 
15.868283 8.567642 11.459565 15.999 
14.375102 12.464836 10.082666 15.999 
13.915193 7.037829 11.306810 1.00784 
11.672890 7.554078 8.434632 1.00784 
7.138604 10.990084 10.719607 1.00784 
13.316013 11.905949 10.486586 1.00784 
10.737243 15.374750 12.489962 15.999 
*
11.658191 8.857768 12.804025 65.38 
10.671232 9.512715 10.328058 65.38 
10.834931 12.836193 12.166942 65.38 
13.289786 10.839606 10.194020 65.38 
12.024465 15.006098 13.077414 15.999 
12.446040 11.235208 11.445423 15.999 
10.056826 8.420093 10.067531 15.999 
15.648734 9.203804 11.756098 15.999 
14.546051 12.675641 9.737554 1.00784 
14.040451 7.236585 11.956507 1.00784 
11.979228 8.193308 8.699298 1.00784 
7.041769 10.330877 10.804521 1.00784 
12.585528 11.911011 10.032522 15.999 
10.367357 15.223623 12.594240 1.00784 
*
12.001765 8.835251 12.504316 65.38 
10.183264 8.591068 11.096703 65.38 
10.816980 13.565273 12.198030 65.38 
12.914261 10.766998 10.003588 15.999 
12.611510 15.581805 12.806693 15.999 
12.768702 11.379899 11.367636 15.999 
10.527244 8.887664 10.025759 15.999 
15.847362 8.843866 11.551912 1.00784 
14.370972 12.403297 9.630746 1.00784 
14.451020 7.241679 11.470462 1.00784 
12.067572 7.483670 8.609716 1.00784 
7.584149 10.712939 10.369787 15.999 
12.508914 11.839210 9.877007 1.00784 
10.306063 16.110365 12.539577 65.38 
*
11.909302 9.151471 12.874371 65.38 
10.519812 8.615840 10.958545 65.38 
11.176084 13.459483 11.809312 15.999 
12.431856 10.427082 10.173827 15.999 
12.684828 15.467340 12.921541 15.999 
12.266608 11.402172 11.009480 15.999 
10.804027 8.817855 9.737014 1.00784 
15.612212 9.263767 11.588901 1.00784 
14.058013 12.487562 9.115343 1.00784 
14.280978 7.019931 11.401053 1.00784 
11.931624 7.518604 8.545190 15.999 
7.593662 11.089458 10.497955 1.00784 
12.395665 11.945611 10.058357 65.38 
10.696072 16.377047 12.794520 65.38 
*
11.490780 9.284799 12.545320 65.38 
10.413732 8.356106 10.651515 15.999 
11.555358 13.349293 12.287428 15.999 
12.664100 10.531693 10.344411 15.999 
12.517408 15.637202 12.920834 15.999 
12.590438 11.334214 10.629480 1.00784 
10.434866 9.200989 9.983571 1.00784 
15.772688 8.822070 11.500117 1.00784 
13.769394 12.056635 8.901055 1.00784 
14.399929 7.263439 11.178245 15.999 
12.314156 7.380380 9.089195 1.00784 
7.373354 11.080943 10.552022 65.38 
12.246786 12.105446 9.963346 65.38 
10.267949 16.356853 12.445614 65.38 
*
11.720256 9.281192 12.966793 15.999 
10.224209 8.426186 10.656497 15.999 
11.648529 13.591941 11.939786 15.999 
12.281288 10.323093 10.352610 15.999 
12.426048 15.290199 12.730984 1.00784 
12.597104 11.433390 11.031122 1.00784 
10.885034 9.016050 9.679224 1.00784 
15.572448 9.288643 11.103048 1.00784 
14.116595 13.081687 9.384931 15.999 
14.736377 7.628802 11.011132 1.00784 
12.021580 7.938747 8.541300 65.38 
7.958926 11.113290 9.915413 65.38 
12.831862 12.205548 10.214530 65.38 
10.578535 16.009450 12.295612 65.38 
*
11.961527 8.841549 13.170656 15.999 
10.864666 8.878843 11.150833 15.999 
10.944275 13.225220 11.682862 15.999 
12.431748 10.296633 10.031902 1.00784 
12.553692 16.050095 12.791026 1.00784 
11.799935 11.656438 10.768746 1.00784 
11.130590 9.157819 9.825854 1.00784 
15.461925 9.874648 11.243811 15.999 
13.635676 12.238789 9.292644 1.00784 
14.150635 7.238214 11.181253 65.38 
12.322009 7.825736 8.853300 65.38 
7.935763 11.250363 10.086425 65.38 
12.203555 12.235239 9.764399 65.38 
10.318726 16.389067 12.334479 15.999 
*
12.210509 8.876236 12.535033 15.999 
10.645887 8.891018 10.715305 15.999 
10.863257 13.463008 11.860774 1.00784 
12.442325 10.288348 10.343069 1.00784 
12.321075 15.331201 13.100934 1.00784 
12.178827 11.515969 11.381885 1.00784 
10.655467 9.142112 9.968928 15.999 
15.392360 9.843340 12.020584 1.00784 
14.611066 12.124530 9.364667 65.38 
14.741018 6.791388 11.577035 65.38 
12.305062 7.502285 8.752485 65.38 
7.896984 11.309014 10.549958 65.38 
12.661984 11.953192 10.567099 15.999 
10.820970 16.429809 12.543717 15.999 
*
12.153591 9.342387 13.303214 15.999 
10.627458 8.354340 10.650940 1.00784 
10.966169 13.315508 11.531254 1.00784 
12.300166 10.410515 10.058700 1.00784 
12.275072 15.100015 12.793441 1.00784 
12.476640 11.904963 10.871357 15.999 
11.075082 9.311423 10.440837 1.00784 
15.811333 9.376133 12.253649 65.38 
13.593044 12.706875 9.694342 65.38 
13.969200 6.715712 11.415122 65.38 
12.206528 7.392389 9.010298 65.38 
7.067052 11.554742 10.257876 15.999 
11.997133 12.058748 9.807039 15.999 
10.276656 16.922320 13.100470 15.999 
*
11.804070 8.960308 13.217439 1.00784 
10.820262 8.926754 11.219678 1.00784 
11.409583 13.795747 11.427865 1.00784 
12.268087 10.279472 9.822803 1.00784 
12.860920 15.159094 12.823155 15.999 
12.033992 11.215603 11.238871 1.00784 
10.519818 8.797949 9.701325 65.38 
15.699024 8.928677 12.028342 65.38 
13.775409 12.888613 8.928324 65.38 
13.886711 7.303489 11.301698 65.38 
12.154205 7.145855 8.372326 15.999 
7.783913 11.094686 10.874713 15.999 
11.845288 12.004016 10.291053 15.999 
10.130178 16.572895 12.665910 15.999 
*
12.203665 9.249997 12.630450 1.00784 
10.869492 8.970277 11.104953 1.00784 
11.062761 13.201430 11.744857 1.00784 
11.976360 10.517385 10.259233 15.999 
12.466269 15.337209 12.668333 1.00784 
12.460203 11.381578 11.073736 65.38 
11.144443 8.556983 10.130019 65.38 
15.404808 9.222462 11.323598 65.38 
14.328720 12.530424 8.861020 65.38 
14.013876 7.166690 10.865616 15.999 
11.689913 7.761000 8.269157 15.999 
7.611497 10.963242 9.937351 15.999 
11.975238 11.669311 10.348610 15.999 
10.805252 15.877253 13.032285 1.00784 
*
11.649600 8.763980 12.703461 1.00784 
10.570046 8.646023 11.216286 1.00784 
11.131747 13.735664 11.588215 15.999 
12.371506 10.471684 10.001500 1.00784 
12.996148 15.631441 13.242307 65.38 
12.704675 11.573296 11.001000 65.38 
11.034152 8.543164 9.744453 65.38 
15.616640 8.875964 12.022544 65.38 
14.001330 12.032763 9.098322 15.999 
14.224439 6.838243 11.279417 15.999 
11.541346 7.150711 8.774201 15.999 
7.386007 11.178231 10.460169 15.999 
12.605435 12.530825 10.164901 1.00784 
11.151782 16.484905 13.064830 1.00784 
*
11.999729 8.733429 12.988303 1.00784 
10.794773 8.890298 10.721663 15.999 
10.631622 13.253599 11.712149 1.00784 
12.436263 10.833425 9.991929 65.38 
12.721359 15.704353 13.583931 65.38 
12.290848 11.385108 11.147146 65.38 
11.142407 8.919100 9.575116 65.38 
15.772779 8.539439 12.020824 15.999 
13.962735 11.533065 8.925091 15.999 
14.358145 7.300445 10.798856 15.999 
11.641189 7.470919 8.957337 15.999 
7.414370 11.290114 10.445182 1.00784 
12.575108 12.099688 10.211701 1.00784 
10.960316 16.827510 12.730826 1.00784 
*
11.524622 8.976302 13.080140 15.999 
11.229146 8.377205 11.039550 1.00784 
11.158022 13.874853 11.579270 65.38 
12.149958 10.411278 9.920622 65.38 
12.530756 15.412229 13.564967 65.38 
12.950928 11.687006 11.056814 65.38 
10.486155 8.962905 9.775016 15.999 
15.592557 8.752995 11.963821 15.999 
14.293111 12.049776 8.760511 15.999 
14.521941 6.631894 11.511942 15.999 
11.949601 7.510433 9.046689 1.00784 
7.886893 11.474857 10.096037 1.00784 
12.406591 12.464573 9.921367 1.00784 
10.941087 16.202547 13.151448 1.00784 
*
11.994519 9.033784 12.591321 1.00784 
10.467149 8.840150 11.365186 65.38 
10.894829 13.791822 11.144000 65.38 
12.698438 10.182243 10.635347 65.38 
13.050704 15.108022 12.911763 65.38 
12.471866 11.915436 11.107259 15.999 
10.788471 8.762119 9.767401 15.999 
15.201464 8.629254 12.220350 15.999 
13.580059 11.860499 9.278868 15.999 
13.987568 7.119580 11.407157 1.00784 
11.619529 6.700714 8.362871 1.00784 
6.908172 10.817129 10.877447 1.00784 
12.266466 12.285000 9.900033 1.00784 
10.811439 16.533354 13.001189 15.999 
*
11.847184 8.933153 12.935099 65.38 
10.298567 8.477442 11.337313 65.38 
10.846632 13.704861 11.216545 65.38 
13.221332 10.477188 10.115203 65.38 
13.128045 15.133885 13.163850 15.999 
12.357924 11.753275 10.987606 15.999 
10.504682 9.303460 9.794058 15.999 
14.905355 8.600742 12.021973 15.999 
13.268245 11.524146 9.034658 1.00784 
14.132207 7.476815 11.807163 1.00784 
11.324044 6.500229 7.954972 1.00784 
7.325400 10.977438 10.833331 1.00784 
12.600109 12.462380 9.643458 15.999 
11.237501 16.232062 13.131462 1.00784 
*
12.555779 8.689095 12.223781 65.38 
10.184545 9.281198 11.362908 65.38 
11.165262 13.802223 11.539605 65.38 
12.355126 9.955539 10.453191 15.999 
12.642559 15.407548 12.779608 15.999 
12.247014 11.726658 11.337910 15.999 
10.751780 8.692876 9.420427 15.999 
15.471507 8.907327 12.459753 1.00784 
13.674007 12.212146 9.345750 1.00784 
14.330096 7.203342 11.218188 1.00784 
11.447965 6.474516 8.701760 1.00784 
6.511518 10.633019 10.911974 15.999 
12.013884 12.433917 9.820851 1.00784 
11.273489 16.228223 12.822846 65.38 
*
11.730652 8.875646 12.534375 65.38 
9.936276 9.165010 11.333460 65.38 
11.074362 13.567869 11.249227 15.999 
13.163750 10.053853 10.563976 15.999 
13.484227 15.510269 12.403842 15.999 
12.928184 11.701957 11.337030 15.999 
10.374270 8.902680 9.738044 1.00784 
15.029872 8.652044 11.907475 1.00784 
13.888351 12.238518 9.598446 1.00784 
14.268986 6.757829 11.734272 1.00784 
11.467761 6.305273 8.757568 15.999 
6.614183 10.437807 10.512423 1.00784 
12.802185 12.321129 10.001832 65.38 
10.653137 16.638497 13.222221 65.38 
*
11.539907 8.913448 12.569585 65.38 
10.215621 9.026624 11.153820 15.999 
10.902368 13.472018 11.238530 15.999 
13.311001 10.106155 10.649951 15.999 
13.908847 15.986404 12.818349 15.999 
13.037120 11.948076 11.049687 1.00784 
10.262008 8.678392 9.689806 1.00784 
14.681313 8.820121 12.009775 1.00784 
13.587680 12.728836 9.259527 1.00784 
14.544751 7.213566 12.033203 15.999 
11.469726 6.835448 8.318092 1.00784 
7.010858 10.426234 10.185171 65.38 
12.326622 12.552788 10.300315 65.38 
10.382292 17.018787 13.348204 65.38 
*
11.651852 9.066974 12.894048 15.999 
10.382900 9.230250 11.249439 15.999 
10.555338 13.257757 11.257570 15.999 
13.523964 9.835348 10.462041 15.999 
13.716680 16.430482 12.602783 1.00784 
12.540032 11.923477 10.698479 1.00784 
10.400876 8.240487 9.801206 1.00784 
14.794815 8.846989 11.651208 1.00784 
13.762383 13.037237 9.248026 15.999 
14.302529 6.740600 12.026200 1.00784 
11.733912 7.252498 8.451349 65.38 
6.299427 10.609790 10.237261 65.38 
12.231218 13.002248 10.020030 65.38 
9.871059 17.398855 13.226575 65.38 
*
11.184225 8.760874 12.796141 15.999 
10.553360 8.662834 11.027454 15.999 
10.637464 13.533999 10.998640 15.999 
13.530642 10.525448 10.889348 1.00784 
14.111430 16.394834 13.060187 1.00784 
12.610478 12.086832 11.135806 1.00784 
10.083647 8.526346 9.538586 1.00784 
15.054426 8.853354 12.049999 15.999 
13.675769 13.071906 8.951285 1.00784 
14.769023 6.792625 11.664946 65.38 
11.119924 6.943136 8.194563 65.38 
6.666506 10.673608 9.832623 65.38 
12.688206 12.205096 9.803483 65.38 
10.518062 16.901327 12.939530 15.999 
*
11.246974 8.409867 12.594285 15.999 
9.980846 9.152659 11.014261 15.999 
11.201107 13.816843 10.903980 1.00784 
13.558944 10.372867 10.953424 1.00784 
14.329565 15.966721 13.162264 1.00784 
12.881560 12.216151 10.661181 1.00784 
10.419915 8.342594 9.758975 15.999 
14.410634 8.704158 12.173965 1.00784 
13.104706 12.832924 8.892384 65.38 
14.932608 6.971976 11.957759 65.38 
10.918399 6.303755 7.781585 65.38 
6.803520 10.212224 10.261220 65.38 
12.155224 11.858057 10.702590 15.999 
10.335683 16.944673 13.166406 15.999 
*
11.395679 8.651529 12.299976 15.999 
10.066971 8.748854 11.221234 1.00784 
11.032488 13.980637 11.492945 1.00784 
13.278478 10.219612 10.403062 1.00784 
14.069094 15.538896 13.088169 1.00784 
13.449031 12.048670 11.440923 15.999 
10.337716 8.225345 9.418906 1.00784 
14.882983 9.229500 11.921182 65.38 
13.730072 12.874303 9.232172 65.38 
14.826842 7.096633 12.135580 65.38 
11.729424 6.561304 7.888701 65.38 
7.122824 10.233149 10.136341 15.999 
12.240688 12.627071 10.715533 15.999 
10.501825 17.004935 13.665235 15.999 
*
11.718766 8.604372 12.572143 1.00784 
10.501758 9.212062 10.990567 1.00784 
10.597216 13.591728 11.732110 1.00784 
13.390972 10.368307 10.366245 1.00784 
13.607022 15.554384 12.537604 15.999 
12.820834 12.260689 11.377345 1.00784 
9.977309 8.383355 9.834045 65.38 
15.108993 8.825350 11.622354 65.38 
14.047015 13.125106 9.543398 65.38 
14.735901 7.394375 12.481040 65.38 
11.607815 7.053507 8.402156 15.999 
7.099847 10.541026 10.052789 15.999 
11.898027 12.148204 10.657461 15.999 
10.306094 17.393063 13.222864 15.999 
*
11.461081 9.016393 12.335332 1.00784 
10.212957 9.244871 10.722398 1.00784 
10.609521 13.774588 11.724842 1.00784 
13.922401 9.958724 10.615650 15.999 
13.262751 15.278668 13.014652 1.00784 
13.231862 12.564840 11.495594 65.38 
9.914256 7.887915 9.776361 65.38 
15.240877 8.643567 11.921297 65.38 
14.201744 13.126238 9.132629 65.38 
15.173052 7.602457 12.090225 15.999 
11.637510 7.159065 8.857276 15.999 
6.988029 10.382098 10.256502 15.999 
11.694441 12.081192 10.779097 15.999 
9.877379 16.885885 13.467603 1.00784 
*
11.379667 8.718116 12.580498 1.00784 
10.045948 9.556270 10.326713 1.00784 
10.730948 13.864322 11.724078 15.999 
13.873231 9.718736 10.759928 1.00784 
13.531698 15.127595 12.556287 65.38 
13.394606 13.035047 11.361288 65.38 
10.173101 7.774897 10.130330 65.38 
15.289884 8.854987 11.791062 65.38 
14.300471 12.936580 8.554095 15.999 
15.098454 7.871206 11.423719 15.999 
11.569957 7.071267 8.738674 15.999 
7.158835 10.228852 9.807959 15.999 
11.618528 11.855043 10.985959 1.00784 
10.210769 17.144693 12.914814 1.00784 
*
11.403527 9.425493 12.496385 1.00784 
10.664563 9.407911 10.561693 15.999 
10.332522 13.488406 12.117738 1.00784 
13.722479 9.987923 10.355517 65.38 
13.140583 14.927047 12.872131 65.38 
13.242759 12.225951 11.446720 65.38 
9.990287 8.066215 9.682433 65.38 
15.445589 8.264789 11.800990 15.999 
14.133787 13.220654 8.959111 15.999 
15.784183 7.490646 12.371916 15.999 
11.820802 6.838445 9.347264 15.999 
7.214003 10.016566 10.235921 1.00784 
11.905066 11.713905 10.560707 1.00784 
10.123490 17.230884 13.532684 1.00784 
*
11.139603 8.930235 12.622667 15.999 
10.525601 9.629434 10.674527 1.00784 
10.368532 13.007208 11.639947 65.38 
14.112489 10.394683 10.608477 65.38 
12.881371 15.295604 12.335193 65.38 
13.598743 12.346321 11.480927 65.38 
9.851243 7.859527 9.631827 15.999 
15.299817 8.666932 11.869164 15.999 
14.375038 13.203354 8.392114 15.999 
15.751241 7.645995 12.609375 15.999 
11.923511 7.090369 9.196392 1.00784 
6.832287 9.905195 9.855859 1.00784 
11.853212 11.889756 10.736719 1.00784 
10.013053 16.808352 13.678037 1.00784 
*
11.105236 8.752172 12.736971 1.00784 
10.789716 9.639942 10.397413 65.38 
10.266781 13.011804 11.945967 65.38 
14.012658 10.180251 10.612285 65.38 
12.952000 15.750064 12.289440 65.38 
13.781186 12.896514 11.066242 15.999 
10.075998 7.627467 9.233239 15.999 
15.027099 9.057121 12.147734 15.999 
14.159639 13.480058 8.634180 15.999 
15.206464 7.828605 12.760272 1.00784 
11.905889 6.891733 9.031374 1.00784 
6.892654 9.799879 10.005862 1.00784 
11.643485 12.220632 10.624026 1.00784 
9.420571 17.233045 14.102465 15.999 
*
10.993389 9.060416 12.603095 65.38 
10.366974 9.386792 10.250417 65.38 
10.514294 13.190386 11.909109 65.38 
14.190038 9.967409 10.723436 65.38 
13.392204 16.125359 12.683938 15.999 
13.975840 12.426339 11.397918 15.999 
9.937958 7.653768 9.309040 15.999 
14.723318 9.530921 12.337603 15.999 
14.225234 13.106419 8.872967 1.00784 
15.296032 7.397153 13.200804 1.00784 
11.353069 7.233937 8.950603 1.00784 
7.080096 9.622381 10.042175 1.00784 
11.471468 12.212764 10.617352 15.999 
9.337270 17.361817 14.619757 1.00784 
*
10.863981 8.881628 12.611670 65.38 
10.763024 9.636901 10.070742 65.38 
10.626630 12.637328 12.069809 65.38 
13.878231 10.513286 10.843579 15.999 
12.843354 16.132791 12.536228 15.999 
14.061720 12.430727 10.816045 15.999 
9.550078 7.564007 9.348043 15.999 
15.119459 9.197996 12.116547 1.00784 
14.530186 13.887538 8.354340 1.00784 
15.513902 7.718543 13.005331 1.00784 
12.090680 6.661712 9.115694 1.00784 
6.885496 10.221554 10.263430 15.999 
11.904710 11.948139 11.041625 1.00784 
9.362827 16.662382 14.185866 65.38 
*
11.251296 9.221154 12.661905 65.38 
10.579127 9.395061 9.983831 65.38 
10.666349 12.711779 12.373087 15.999 
13.848413 10.430841 10.554935 15.999 
12.842685 15.900780 12.798520 15.999 
14.000340 12.461213 10.684827 15.999 
9.086071 7.519557 9.048175 1.00784 
14.957611 9.345131 12.521932 1.00784 
14.972040 13.891216 8.574292 1.00784 
15.641547 7.613116 13.079349 1.00784 
12.513503 7.260559 8.984828 15.999 
6.703650 10.183620 10.123902 1.00784 
11.709904 11.640080 10.781264 65.38 
9.722154 16.990121 14.089169 65.38 
*
10.803025 9.297876 12.408514 65.38 
11.017080 9.705510 10.359951 15.999 
10.647855 12.197202 11.867856 15.999 
13.606625 10.809340 10.737888 15.999 
13.198430 15.833270 12.662265 15.999 
13.627914 12.569744 10.677555 1.00784 
9.484205 7.093957 9.595806 1.00784 
14.729330 8.892586 12.379953 1.00784 
14.344743 13.803319 8.614280 1.00784 
15.125960 7.802145 13.043904 15.999 
11.644542 6.351667 9.200474 1.00784 
7.013846 9.726789 10.287916 65.38 
12.263602 11.501938 11.430117 65.38 
9.687409 16.144835 14.534030 65.38 
*
10.496909 9.568502 12.437955 15.999 
11.484175 9.820870 10.562575 15.999 
10.488329 11.931170 11.831846 15.999 
13.559678 10.807574 10.442737 15.999 
13.637298 15.617062 12.374500 1.00784 
13.782035 12.477176 10.862417 1.00784 
9.488828 6.439185 9.732650 1.00784 
14.893405 8.836727 12.704446 1.00784 
14.095455 13.571175 8.393099 15.999 
15.339307 7.531440 13.345000 1.00784 
11.835396 5.639809 9.431275 65.38 
6.708405 9.244071 10.683357 65.38 
12.013023 11.653188 11.158064 65.38 
9.962789 15.680550 14.651541 65.38 
*
10.854211 9.557253 12.321836 15.999 
11.007784 9.127661 10.270221 15.999 
10.975070 12.356012 12.176184 15.999 
13.364272 10.774568 10.609137 1.00784 
12.778580 15.335926 12.327422 1.00784 
13.925993 12.469215 10.318375 1.00784 
9.575200 7.290622 10.096316 1.00784 
14.321407 9.245963 12.581991 15.999 
14.128809 14.108370 8.489107 1.00784 
14.574017 8.035228 12.671310 65.38 
11.346917 5.820790 9.120847 65.38 
6.581826 9.425410 10.132987 65.38 
12.440174 11.953644 11.417439 65.38 
9.371516 16.510735 14.405941 15.999 
*
11.045367 9.179318 12.329841 15.999 
10.758726 9.704172 10.065213 15.999 
11.139424 12.303804 11.983048 1.00784 
13.146555 11.078247 10.810361 1.00784 
13.386307 15.544399 12.925343 1.00784 
13.806798 12.179970 10.908467 1.00784 
9.613794 7.162213 9.616499 15.999 
14.351473 8.816252 12.636036 1.00784 
13.924069 14.034600 8.438604 65.38 
15.376153 8.065047 12.910034 65.38 
11.235844 5.921691 9.272862 65.38 
6.976643 9.779551 9.869677 65.38 
12.075757 11.534966 11.536479 15.999 
9.590991 15.648400 14.125314 15.999 
*
10.532949 9.504895 12.601210 15.999 
11.234089 9.601547 10.146535 1.00784 
10.694726 12.189194 11.772830 1.00784 
13.630931 10.972615 10.773073 1.00784 
12.790894 15.414738 12.544262 1.00784 
14.090885 12.138044 10.759823 15.999 
9.902425 7.083182 9.337329 1.00784 
14.882976 8.801106 12.654887 65.38 
14.880390 13.553218 9.214108 65.38 
14.834831 7.761576 13.065926 65.38 
12.005406 6.156834 9.859989 65.38 
6.719421 9.732583 10.465530 15.999 
12.375083 11.227228 11.294860 15.999 
10.015611 16.032724 15.196636 15.999 
*
10.820530 9.380102 12.380348 1.00784 
11.183093 9.718018 9.965768 1.00784 
10.572431 11.896450 11.882131 1.00784 
13.523778 10.962784 11.336009 1.00784 
13.167531 15.990186 12.371535 15.999 
14.048101 12.210152 10.293878 1.00784 
9.300242 7.006252 10.031136 65.38 
14.735202 8.920587 11.950011 65.38 
14.020639 13.831708 8.955189 65.38 
15.579128 7.841711 12.867765 65.38 
11.756162 6.201444 9.643641 15.999 
6.889920 9.430908 10.760507 15.999 
12.117051 11.663526 11.494281 15.999 
9.250918 15.819981 14.772749 15.999 
*
10.402328 9.163947 12.146088 1.00784 
11.518578 9.578491 10.664600 1.00784 
10.954401 12.289971 11.596929 1.00784 
13.355625 11.112949 11.004328 15.999 
12.804939 15.549057 12.518946 1.00784 
13.174442 12.234067 10.513306 65.38 
9.457391 6.858427 9.152951 65.38 
14.975432 8.949942 12.325900 65.38 
14.746213 13.492609 8.243781 65.38 
15.188536 7.741436 13.153365 15.999 
11.349255 6.183376 8.922188 15.999 
7.167219 10.115685 10.551343 15.999 
12.127390 11.916812 11.895402 15.999 
9.583006 15.953252 14.097674 1.00784 
*
10.495151 9.167394 12.796990 1.00784 
10.844061 9.487206 10.631382 1.00784 
11.181003 12.417060 11.745081 15.999 
13.386081 10.890942 10.292293 1.00784 
13.651924 16.481984 12.479218 65.38 
13.973361 12.888917 10.619509 65.38 
9.565503 6.822124 9.743308 65.38 
14.745770 9.226471 12.084554 65.38 
14.790413 14.261306 9.002219 15.999 
14.827672 7.668837 13.203397 15.999 
11.521325 6.281439 8.909546 15.999 
6.557049 9.706925 10.022598 15.999 
12.282857 11.152723 11.343523 1.00784 
9.978891 16.074147 14.468539 1.00784 
*
10.737644 9.203385 12.117027 1.00784 
11.363920 9.678944 10.239587 15.999 
10.468300 12.103940 11.577335 1.00784 
13.497386 10.968792 11.162966 65.38 
13.648322 15.726560 12.534636 65.38 
14.087448 12.700071 11.113998 65.38 
9.917629 6.894999 9.900902 65.38 
14.503720 8.643858 12.681706 15.999 
14.253809 14.068878 8.259205 15.999 
14.667349 7.643830 12.952980 15.999 
11.885721 6.113161 9.337093 15.999 
7.078822 9.819483 10.426831 1.00784 
12.127133 11.897106 11.404683 1.00784 
9.613580 16.104777 14.852384 1.00784 
*
10.573568 9.097910 12.850734 15.999 
11.081198 9.969271 10.083607 1.00784 
10.924549 12.487286 11.892448 65.38 
13.685417 10.470286 10.539751 65.38 
12.629307 15.676213 12.821276 65.38 
13.874076 12.655530 10.349996 65.38 
9.217660 7.340181 9.939838 15.999 
15.081811 9.315063 12.084696 15.999 
13.972307 13.742215 9.124360 15.999 
14.812214 8.111904 12.863524 15.999 
11.414075 5.895746 9.073433 1.00784 
6.517504 9.650014 10.474693 1.00784 
11.835872 11.424403 11.549024 1.00784 
10.048113 16.133987 14.761819 1.00784 
*
10.890516 9.465577 12.099421 1.00784 
10.724115 9.962943 10.044979 65.38 
10.877953 11.893975 12.199071 65.38 
13.542608 10.750721 10.758994 65.38 
13.143422 15.421814 13.035024 65.38 
13.875426 12.580322 10.890891 15.999 
9.264886 6.649880 9.657491 15.999 
15.260766 8.825932 11.868039 15.999 
14.276406 13.764984 8.646725 15.999 
15.675878 7.314675 12.945645 1.00784 
11.348928 6.177135 9.552735 1.00784 
7.319845 9.509943 10.662181 1.00784 
12.531939 11.841119 11.905325 1.00784 
10.195543 16.222555 14.825860 15.999 
*
11.060823 9.112724 12.504049 65.38 
10.816453 9.950134 10.510084 65.38 
10.913889 12.141861 11.919345 65.38 
13.609128 10.909914 10.638561 65.38 
12.891995 15.671475 12.112347 15.999 
13.391233 12.053485 10.721910 15.999 
9.304052 6.713186 9.747311 15.999 
14.480990 8.849150 11.748511 15.999 
14.766052 14.001707 8.786099 1.00784 
15.366273 7.759246 12.503623 1.00784 
12.122967 5.814099 8.582997 1.00784 
7.278696 9.332348 10.431153 1.00784 
12.332689 11.737990 11.475978 15.999 
10.069331 16.045262 14.440672 1.00784 
*
11.083124 8.974227 12.502820 65.38 
10.645633 10.030897 10.364184 65.38 
11.066666 12.587964 11.645158 65.38 
13.472827 10.600488 10.967878 15.999 
12.972304 15.526054 12.253601 15.999 
13.728514 12.907878 10.690532 15.999 
9.403064 6.662189 9.623596 15.999 
14.432998 8.913551 12.356527 1.00784 
14.837028 14.070083 8.317056 1.00784 
15.338188 7.914089 13.060167 1.00784 
11.749805 6.470002 8.605515 1.00784 
6.696115 9.669790 10.192168 15.999 
11.931119 11.671504 11.444308 1.00784 
10.164310 15.825798 13.884899 65.38 
*
10.685340 9.574302 12.260618 65.38 
10.883026 9.672030 10.714333 65.38 
10.973415 12.078697 12.136540 15.999 
13.416856 10.988354 10.389629 15.999 
13.334721 15.513210 12.381489 15.999 
14.120130 12.953354 10.727973 15.999 
9.408650 6.601858 9.344869 1.00784 
15.294284 8.592000 12.287757 1.00784 
14.925312 13.901523 8.487385 1.00784 
15.572607 7.655843 13.071456 1.00784 
11.597542 6.692935 9.313454 15.999 
6.784367 9.575581 10.869918 1.00784 
11.997135 11.092496 11.341711 65.38 
9.667610 16.424207 14.141841 65.38 
*
10.962335 9.371429 12.360598 65.38 
10.750945 9.437089 10.216098 15.999 
10.874755 12.484422 11.632618 15.999 
13.684646 10.731926 11.132155 15.999 
13.324327 15.413662 12.696364 15.999 
13.882328 12.236837 10.861725 1.00784 
8.864993 7.469862 9.085378 1.00784 
14.487327 8.598544 12.704271 1.00784 
13.898606 13.897420 8.184567 1.00784 
15.072222 7.893607 12.734300 15.999 
11.000027 6.244587 9.431424 1.00784 
6.626428 10.076429 10.493608 65.38 
12.382033 11.692428 11.505098 65.38 
9.590969 15.856249 14.190918 65.38 
*
11.037926 9.055143 12.657968 15.999 
11.140785 9.826178 10.138591 15.999 
10.477510 11.942712 12.068801 15.999 
13.439382 10.991790 10.421551 15.999 
13.545241 15.657766 12.754278 1.00784 
13.523183 12.852706 10.303837 1.00784 
10.026672 7.437420 9.451360 1.00784 
14.434380 8.897209 12.555377 1.00784 
14.396085 13.449146 8.784418 15.999 
14.717830 7.922030 13.504297 1.00784 
11.760930 6.827184 9.636086 65.38 
6.708600 10.197749 10.117215 65.38 
12.084355 11.286665 11.914320 65.38 
9.875021 16.478507 14.331019 65.38 
*
10.743249 9.482700 12.082124 15.999 
11.298038 9.802623 10.465378 15.999 
10.531799 11.851007 11.649251 15.999 
13.622228 10.831215 11.215482 1.00784 
13.078748 15.478521 12.853670 1.00784 
13.762544 12.399964 10.856966 1.00784 
9.738805 7.411558 9.584914 1.00784 
14.056375 8.628826 12.274799 15.999 
14.318939 13.478858 9.066953 1.00784 
14.933002 7.323119 13.362109 65.38 
11.413376 5.984199 9.570236 65.38 
6.909887 9.328495 10.408154 65.38 
12.044736 11.966696 11.091593 65.38 
9.969067 15.586310 14.378762 15.999 
*
10.746744 9.516010 12.181671 15.999 
11.151201 9.750542 10.290758 15.999 
10.919164 12.366111 12.135494 1.00784 
13.643845 10.522065 10.378653 1.00784 
12.802945 15.711589 13.074192 1.00784 
13.335163 12.170579 11.134798 1.00784 
9.354242 7.165447 9.813583 15.999 
14.386491 8.739972 12.330639 1.00784 
14.481623 14.038713 8.963728 65.38 
14.895496 7.774262 13.163933 65.38 
11.104085 6.938029 9.565720 65.38 
6.496085 9.741095 10.496043 65.38 
12.322544 11.508582 11.763427 15.999 
8.933867 16.042325 14.810792 15.999 
*
10.518786 9.236302 12.381445 15.999 
11.253915 9.643893 10.714324 1.00784 
11.071074 12.496162 11.920092 1.00784 
13.486363 10.621915 10.545256 1.00784 
13.160727 15.561010 12.413914 1.00784 
13.159520 12.534614 10.419531 15.999 
9.709348 7.591000 9.905653 1.00784 
14.490713 8.928345 12.267478 65.38 
13.975634 13.732401 8.423474 65.38 
15.472394 8.047825 12.685900 65.38 
11.964812 6.270438 9.291475 65.38 
6.590202 10.225580 10.397894 15.999 
11.827591 11.747037 11.203038 15.999 
9.503357 16.130568 14.424032 15.999 
*
11.028895 9.016873 12.717509 1.00784 
10.925363 10.284667 10.206445 1.00784 
10.515377 12.039685 11.976448 1.00784 
13.658533 10.613657 10.457532 1.00784 
13.431075 16.186687 12.891265 15.999 
13.604426 12.500479 10.574435 1.00784 
9.516116 6.736793 9.558096 65.38 
14.639613 8.745172 12.317093 65.38 
14.206203 14.064153 9.023252 65.38 
15.347959 7.547277 13.048253 65.38 
11.221971 6.150441 9.137885 15.999 
6.520924 9.887213 10.537383 15.999 
12.213809 11.997377 11.398945 15.999 
9.980865 15.842656 14.709394 15.999 
*
10.798780 9.327897 12.363499 1.00784 
10.729721 10.005761 9.914420 1.00784 
10.543733 11.801870 12.076135 1.00784 
14.196280 10.852414 11.081528 15.999 
12.903640 16.122675 12.699873 1.00784 
13.566137 12.202333 10.200619 65.38 
10.101646 7.433195 9.336754 65.38 
14.465237 8.821503 12.706894 65.38 
14.518716 14.324425 8.282967 65.38 
15.101420 7.581900 12.483445 15.999 
11.585246 6.613468 8.965131 15.999 
7.384593 9.621297 9.714208 15.999 
12.488729 11.163804 11.478807 15.999 
9.510258 16.628084 14.282018 1.00784 
*
10.314809 9.589328 12.700875 1.00784 
11.501017 9.604690 10.752096 1.00784 
10.434900 12.234914 11.360587 15.999 
13.811999 10.519951 10.674723 1.00784 
13.636553 15.477935 12.583166 65.38 
14.044062 12.381402 10.705605 65.38 
8.984340 7.263614 9.442248 65.38 
14.685056 9.103529 11.941975 65.38 
14.233543 13.869296 8.486073 15.999 
15.504551 7.569169 13.239229 15.999 
11.190782 5.944809 9.458926 15.999 
6.973041 10.265397 10.054876 15.999 
12.565709 11.838427 11.498686 1.00784 
9.690287 16.623274 14.723841 1.00784 
*
10.411476 9.176906 12.046352 1.00784 
11.177693 9.948169 10.552721 15.999 
11.087329 11.761956 11.904804 1.00784 
13.648920 11.168028 10.914717 65.38 
12.915474 15.736125 12.363359 65.38 
13.909012 12.436687 10.930121 65.38 
9.365361 7.296839 9.775435 65.38 
14.538537 8.607416 12.480024 15.999 
14.171119 13.676220 8.128589 15.999 
15.422070 7.873058 12.445344 15.999 
11.574893 6.225605 8.522248 15.999 
7.047135 9.941144 9.976346 1.00784 
11.765375 11.139816 11.049970 1.00784 
9.547949 16.120460 14.741039 1.00784 
*
10.777908 9.601120 12.108348 15.999 
10.722154 9.285765 10.384131 1.00784 
11.150903 12.531967 12.003347 65.38 
13.391208 10.827481 10.708808 65.38 
13.294109 15.307472 12.806156 65.38 
14.020365 12.711023 10.343478 65.38 
9.185291 7.260344 9.558340 15.999 
14.963287 8.588854 12.547940 15.999 
14.363314 14.156134 9.183329 15.999 
14.731549 7.737614 13.111972 15.999 
12.101823 6.472475 9.420646 1.00784 
7.390156 9.236129 9.955493 1.00784 
12.338275 11.457335 11.883207 1.00784 
9.569770 15.718680 14.496511 1.00784 
*
10.700814 9.461412 12.531987 1.00784 
10.889984 9.473704 10.593873 65.38 
10.545610 11.942347 11.743354 65.38 
13.936804 10.910223 10.855903 65.38 
13.077167 15.716280 12.572252 65.38 
13.635585 12.712123 10.150945 15.999 
10.118282 7.329487 9.363006 15.999 
14.840266 8.730532 12.156777 15.999 
14.819413 13.705809 8.368895 15.999 
15.113453 8.070647 13.328160 1.00784 
11.833451 6.063206 8.937566 1.00784 
6.829903 9.453844 9.862576 1.00784 
12.511340 11.977032 10.972119 1.00784 
9.923695 16.512994 14.316273 15.999 
*
10.724159 9.158035 12.298198 65.38 
11.131149 10.021319 10.289785 65.38 
10.644378 12.081638 11.637981 65.38 
13.551166 10.976380 10.758765 65.38 
13.469865 15.804014 13.226829 15.999 
14.127615 12.063947 10.403831 15.999 
9.174124 6.520217 10.141566 15.999 
14.997001 8.914211 12.792726 15.999 
14.582345 13.328950 8.363659 1.00784 
15.044961 7.968186 13.349468 1.00784 
11.327891 5.745564 9.391628 1.00784 
6.767946 9.488221 10.816999 1.00784 
11.764877 11.365582 11.749944 15.999 
9.215529 16.049213 14.412047 1.00784 
*
11.002306 9.118338 12.197431 65.38 
11.104981 9.853497 10.240932 65.38 
10.557654 12.220624 11.973654 65.38 
13.683336 11.001429 11.145633 15.999 
12.658598 15.717239 12.688630 15.999 
13.555832 12.471221 10.851334 15.999 
9.048261 7.389265 9.067932 15.999 
15.092405 8.458933 12.095704 1.00784 
14.719717 13.343231 8.691529 1.00784 
15.173782 7.897425 12.721959 1.00784 
12.011134 6.085128 9.319286 1.00784 
7.355191 9.162008 10.424638 15.999 
11.704716 11.488823 11.375242 1.00784 
10.061614 15.770870 14.800665 65.38 
*
10.582640 9.237441 12.318228 65.38 
10.990618 10.053613 10.178274 65.38 
11.094134 12.236944 11.582895 15.999 
13.277305 10.747043 10.804013 15.999 
13.553675 15.351779 12.862076 15.999 
13.330706 12.605557 11.165526 15.999 
10.009375 6.597001 9.549849 1.00784 
14.370141 8.981296 12.632404 1.00784 
14.189217 13.854145 8.381262 1.00784 
15.555144 7.279064 13.231505 1.00784 
11.242602 5.914332 9.521132 15.999 
6.853801 10.033338 10.753944 1.00784 
12.592075 11.522723 12.054917 65.38 
10.168424 15.659622 14.625006 65.38 
*
11.066165 9.022299 11.953530 65.38 
10.572666 9.341849 10.581331 15.999 
11.165368 12.441472 12.305821 15.999 
13.286456 10.882468 10.620581 15.999 
13.344948 16.217387 13.032966 15.999 
13.734441 12.659657 10.367598 1.00784 
9.195500 7.585058 9.818170 1.00784 
15.183133 9.177246 12.299125 1.00784 
14.630688 13.968834 8.602864 1.00784 
15.553660 8.208620 13.259856 15.999 
11.762029 6.020094 9.506919 1.00784 
7.031498 10.171033 10.294122 65.38 
11.858837 11.869540 11.197932 65.38 
9.653808 16.136796 14.086410 65.38 
*
10.760709 9.094184 12.551801 15.999 
11.238991 9.861657 10.108324 15.999 
10.439580 12.308835 11.845764 15.999 
13.931290 10.577679 10.839569 15.999 
12.910545 16.331544 13.010207 1.00784 
13.792878 12.283982 10.364792 1.00784 
9.653660 7.608660 9.467647 1.00784 
14.286228 8.897334 12.723170 1.00784 
14.314980 13.899934 8.649119 15.999 
15.516616 7.476935 13.163495 1.00784 
11.203910 6.771476 8.925768 65.38 
7.307917 10.182953 10.138301 65.38 
12.423303 11.200962 11.091553 65.38 
9.726624 16.637339 14.650123 65.38 
*
10.995689 9.541401 12.290414 15.999 
11.288530 9.636898 10.153115 15.999 
10.867129 12.591068 11.607105 15.999 
13.438599 10.449197 11.181351 1.00784 
12.666419 15.792145 12.711825 1.00784 
13.046366 12.553719 11.192755 1.00784 
8.892918 6.730118 9.727416 1.00784 
14.636625 8.941030 12.176716 15.999 
13.918117 13.994179 8.885032 1.00784 
14.995534 7.494623 13.255530 65.38 
11.223154 6.352671 9.377502 65.38 
7.158876 9.692669 10.062966 65.38 
12.158521 11.374939 11.430081 65.38 
9.292441 15.910965 14.384397 15.999 
*
10.788009 9.389569 12.685979 15.999 
10.921979 9.805484 10.221828 15.999 
10.737120 12.278708 12.089429 1.00784 
13.666426 10.821742 10.226468 1.00784 
13.141770 15.611216 12.882613 1.00784 
13.472861 12.469219 10.947614 1.00784 
9.210036 7.221953 9.749710 15.999 
15.097139 8.408563 12.800154 1.00784 
14.798776 13.089366 8.172984 65.38 
14.975009 7.328900 12.776608 65.38 
11.432303 5.910435 9.041630 65.38 
7.028465 9.481698 10.012446 65.38 
12.180747 11.592903 11.197440 15.999 
9.867392 15.501782 14.237794 15.999 
*
10.385060 9.674817 12.581614 15.999 
11.185278 9.807319 10.341946 1.00784 
10.520808 11.778812 11.481778 1.00784 
13.945701 10.860369 10.873026 1.00784 
13.141410 16.266637 12.917115 1.00784 
13.460759 12.345608 10.838395 15.999 
9.848141 6.649073 9.792570 1.00784 
15.196346 8.630425 11.769389 65.38 
13.963794 13.513322 8.764689 65.38 
15.398260 7.497548 12.631666 65.38 
11.895487 6.483794 9.081367 65.38 
6.655143 9.272734 10.203590 15.999 
12.532844 11.136294 11.690462 15.999 
9.815342 16.308317 14.051022 15.999 
*
11.068702 8.976343 12.262652 1.00784 
11.030386 9.675216 10.400310 1.00784 
10.572457 12.169722 11.479224 1.00784 
13.262239 10.662271 11.030430 1.00784 
13.555689 16.404849 12.719123 15.999 
14.017826 12.950103 10.356993 1.00784 
9.640562 7.032120 9.756736 65.38 
14.991891 9.229410 12.399067 65.38 
13.810222 13.864824 8.958150 65.38 
14.942523 7.954655 12.867597 65.38 
12.078055 6.891619 9.336128 15.999 
6.682612 10.223216 10.556796 15.999 
12.392801 11.996989 11.900150 15.999 
10.022689 16.813229 14.783245 15.999 
*
10.266581 9.499147 12.786287 1.00784 
11.175328 9.400838 10.100884 1.00784 
11.009854 12.237807 11.715955 1.00784 
13.828536 10.930983 10.639691 15.999 
12.779601 15.951884 12.709766 1.00784 
13.068100 12.768178 10.497108 65.38 
9.546031 7.346830 10.044136 65.38 
14.836322 8.716317 12.353193 65.38 
14.455008 13.984367 8.816593 65.38 
15.248183 7.799477 12.740613 15.999 
11.160786 6.641630 9.665610 15.999 
6.684629 9.235004 9.904665 15.999 
12.342728 11.295639 11.474653 15.999 
10.123379 16.446536 15.053249 1.00784 
*
10.616185 8.979852 12.571213 1.00784 
11.318564 9.997779 10.165353 1.00784 
10.521130 11.773981 12.014902 15.999 
13.452333 10.795509 10.622104 1.00784 
13.758867 15.745625 12.423107 65.38 
13.868925 12.527519 10.088534 65.38 
9.593967 7.643578 9.546698 65.38 
15.155466 9.355160 12.768596 65.38 
14.018239 13.680082 8.744561 15.999 
15.311085 8.010949 13.181848 15.999 
11.630728 6.795713 9.519171 15.999 
7.429812 9.641194 10.635388 15.999 
12.254744 11.896658 11.595940 1.00784 
9.557712 16.447110 14.166022 1.00784 
*
11.180900 8.937037 11.998078 1.00784 
10.995941 10.200499 10.221714 15.999 
10.703934 11.881058 12.262021 1.00784 
13.272890 11.123794 11.063656 65.38 
13.178957 16.236594 12.467780 65.38 
13.618687 12.126829 10.120356 65.38 
9.396650 6.739913 9.587264 65.38 
14.793020 8.618840 12.363228 15.999 
14.348250 13.847631 8.436729 15.999 
14.890657 7.761389 13.036413 15.999 
11.829290 6.370955 8.909329 15.999 
7.109757 9.599752 10.474010 1.00784 
11.850247 11.739756 11.675267 1.00784 
9.963010 16.546843 14.794528 1.00784 
*
10.924222 9.594730 12.640330 15.999 
10.570264 9.261401 10.572389 1.00784 
11.011791 12.060258 11.709480 65.38 
13.975335 11.061346 10.913050 65.38 
13.569606 15.397825 12.728742 65.38 
13.057242 12.758745 10.049318 65.38 
9.807772 7.440216 9.659193 15.999 
14.219503 9.260275 11.714274 15.999 
13.736986 13.417105 7.976923 15.999 
14.715784 7.561558 13.254497 15.999 
11.513852 5.831447 8.847740 1.00784 
6.434256 9.523176 9.776434 1.00784 
12.099519 11.224471 10.710869 1.00784 
9.366437 15.701147 14.718075 1.00784 
*
11.000921 8.861875 12.791612 1.00784 
10.725027 9.873533 9.953856 65.38 
11.165461 11.947332 11.997253 65.38 
13.367184 11.277729 10.644118 65.38 
13.379355 15.718531 12.880182 65.38 
13.269315 12.652612 10.271153 15.999 
9.523738 7.234072 9.433011 15.999 
15.111427 8.919132 12.542895 15.999 
14.190355 13.455495 8.308075 15.999 
14.963238 7.794619 13.023757 1.00784 
11.928271 5.881138 9.575333 1.00784 
7.069240 10.106381 10.651626 1.00784 
12.209965 11.540986 11.181117 1.00784 
9.847857 16.030791 14.357406 15.999 
*
10.889663 9.417987 12.168231 65.38 
10.741693 9.240776 10.471532 65.38 
11.015933 12.444423 12.274864 65.38 
13.631049 10.850787 10.442362 65.38 
12.894570 16.009528 12.432326 15.999 
13.383024 12.710615 10.711997 15.999 
9.941882 7.265259 9.575914 15.999 
14.435913 9.072654 12.310377 15.999 
14.436623 13.261275 8.954737 1.00784 
14.934055 7.750183 13.207345 1.00784 
12.048378 6.380093 9.269722 1.00784 
6.772670 10.064097 10.541784 1.00784 
12.233483 11.164707 11.585662 15.999 
10.230584 16.197553 14.529443 1.00784 
*
11.151989 8.928428 11.967045 65.38 
11.301100 10.004114 10.628670 65.38 
10.428566 11.778549 11.478579 65.38 
13.611907 11.163020 11.243084 15.999 
13.683295 15.900338 12.861271 15.999 
13.319516 12.204566 11.054517 15.999 
9.141502 7.565135 9.687928 15.999 
14.311048 8.858222 12.169259 1.00784 
14.837856 13.365815 8.240145 1.00784 
14.885760 7.673536 12.952117 1.00784 
12.162572 6.363227 9.757576 1.00784 
7.019847 9.737910 10.316336 15.999 
11.657816 11.506588 11.160152 1.00784 
9.377083 15.649243 14.661466 65.38 
*
11.120997 8.837714 12.564441 65.38 
11.338389 9.575367 10.049523 65.38 
10.819767 12.681074 12.071469 15.999 
13.040895 10.983048 10.639409 15.999 
13.144863 15.317479 12.529663 15.999 
13.592494 12.633714 10.959278 15.999 
8.955572 7.282496 9.783423 1.00784 
14.466545 9.031061 11.952064 1.00784 
14.594657 13.925522 8.183923 1.00784 
15.060045 7.831538 13.074680 1.00784 
11.874539 6.417030 9.539460 15.999 
6.760922 9.244170 9.853708 1.00784 
12.120176 11.794386 11.715171 65.38 
9.295058 15.648660 14.816362 65.38 
*
10.856848 8.770302 12.262691 65.38 
11.093206 9.486715 10.064142 15.999 
10.573306 12.562569 12.156515 15.999 
13.601048 10.824569 11.133581 15.999 
13.084398 15.916424 12.144767 15.999 
13.638586 12.253997 10.096641 1.00784 
9.909231 7.555633 9.917815 1.00784 
14.720868 9.315084 12.329950 1.00784 
14.788139 13.652133 8.166102 1.00784 
14.807486 7.968635 12.537770 15.999 
11.955277 6.228194 8.757027 1.00784 
6.682753 9.530940 10.173907 65.38 
12.199909 11.873859 11.530599 65.38 
10.014052 16.461573 14.822049 65.38 
*
10.460360 9.272806 12.053413 15.999 
11.352983 9.708474 10.383969 15.999 
10.531871 12.021973 11.614078 15.999 
13.829155 10.845499 11.140979 15.999 
13.244516 15.787835 13.178947 1.00784 
13.309766 12.796557 10.483924 1.00784 
9.326395 7.290731 10.039810 1.00784 
14.783621 9.413973 12.021823 1.00784 
14.567872 13.717685 8.600098 15.999 
14.959490 7.601756 12.865174 1.00784 
11.729983 6.428116 9.022672 65.38 
6.626545 9.809141 10.568885 65.38 
12.103621 11.508943 11.617812 65.38 
9.561870 16.728300 14.543951 65.38 
*
10.484999 9.255724 12.479672 15.999 
11.004456 10.326284 10.738646 15.999 
11.135565 11.771605 11.995800 15.999 
13.668639 10.535914 10.430809 1.00784 
12.819276 15.905526 12.574527 1.00784 
13.657860 12.288526 10.203733 1.00784 
9.406106 6.984396 9.200349 1.00784 
14.268097 9.412498 11.862125 15.999 
14.746614 13.899804 8.214315 1.00784 
15.118027 7.818693 12.919279 65.38 
12.199734 6.715736 9.077689 65.38 
7.089822 10.288572 10.688836 65.38 
12.019083 11.812442 11.792602 65.38 
9.827524 15.808164 14.757110 15.999 
*
11.141668 8.955090 12.141731 15.999 
11.050555 10.115430 10.420813 15.999 
10.815533 12.187183 12.101292 1.00784 
13.448158 10.691253 10.378035 1.00784 
13.266503 15.551484 13.047425 1.00784 
13.177969 12.972265 10.481286 1.00784 
9.357432 6.748102 10.066722 15.999 
14.285287 8.828211 12.773828 1.00784 
13.909422 14.003635 8.757387 65.38 
15.082348 7.975021 13.155787 65.38 
12.049294 6.250350 8.958834 65.38 
7.445236 9.932149 10.735265 65.38 
12.445008 11.698495 11.229443 15.999 
9.655192 16.533281 14.907817 15.999 
*
10.600838 8.860910 12.651475 15.999 
11.219202 9.723797 10.023306 1.00784 
10.824871 12.347143 12.051479 1.00784 
13.457215 10.978117 10.933814 1.00784 
13.509958 15.817587 12.739493 1.00784 
13.808518 12.821201 10.554189 15.999 
9.955749 6.696962 9.395451 1.00784 
14.992503 9.316300 11.894746 65.38 
13.984409 13.944062 8.663868 65.38 
14.768709 7.402180 13.106539 65.38 
11.665213 6.523432 8.875148 65.38 
7.498712 9.825944 10.161193 15.999 
11.937022 11.522466 10.875391 15.999 
9.804110 16.392128 14.793769 15.999 
*
10.799419 9.247026 12.656719 1.00784 
11.360803 9.233737 10.411343 1.00784 
10.659450 12.668659 11.961332 1.00784 
13.754567 10.913285 10.360659 1.00784 
13.115221 15.878510 13.122939 15.999 
13.367891 12.608539 10.939130 1.00784 
9.046001 7.256254 9.431469 65.38 
14.300455 8.483550 12.389996 65.38 
14.601952 14.219855 8.231436 65.38 
14.626411 7.532090 13.013897 65.38 
11.408400 6.423925 9.007153 15.999 
6.458813 9.311735 10.463112 15.999 
11.716072 11.481945 10.926769 15.999 
9.571529 16.011588 14.231458 15.999 
*
10.908208 9.262527 12.504917 1.00784 
11.519769 9.493741 10.388439 1.00784 
10.912365 12.481165 11.675954 1.00784 
13.431935 11.213166 10.505328 15.999 
13.154989 16.116147 13.001669 1.00784 
13.275159 12.288923 11.481558 65.38 
8.875339 6.623143 9.502482 65.38 
14.408512 8.470346 12.326373 65.38 
14.467024 13.725296 8.823539 65.38 
14.152102 7.286155 13.241201 15.999 
10.960365 6.561411 9.023727 15.999 
5.778199 9.163324 10.333329 15.999 
11.224571 11.324714 11.534377 15.999 
9.153377 16.121870 14.754221 1.00784 
*
11.105765 9.759126 13.074479 1.00784 
10.870984 8.939946 10.384731 1.00784 
10.619705 12.222412 11.787178 15.999 
14.146311 11.083535 10.143084 1.00784 
12.624593 16.416011 13.367586 65.38 
13.192378 12.392570 11.129018 65.38 
9.412763 6.915896 9.475068 65.38 
14.144620 8.343770 12.271845 65.38 
15.027779 14.252939 8.129719 15.999 
14.206593 7.955146 12.872865 15.999 
11.843929 6.747983 9.110202 15.999 
6.475061 9.178867 10.261452 15.999 
11.306171 12.037045 10.841497 1.00784 
9.660899 15.980904 14.249338 1.00784 
*
10.287838 9.756719 12.818685 1.00784 
11.689595 8.916078 9.923278 15.999 
11.033590 12.685790 12.073965 1.00784 
13.903261 10.739494 10.661256 65.38 
12.807022 15.956449 12.955105 65.38 
12.824830 12.588816 10.372477 65.38 
8.861982 7.022479 9.755852 65.38 
14.424339 8.670307 12.459857 15.999 
14.185655 14.639194 8.457085 15.999 
14.296884 7.597136 12.651429 15.999 
11.340654 6.377689 8.894971 15.999 
6.642823 9.724701 10.295380 1.00784 
11.461534 11.546811 10.754181 1.00784 
9.451066 15.827534 14.248077 1.00784 
*
10.370384 9.003778 12.839270 15.999 
11.521476 9.103624 10.427888 1.00784 
10.973347 12.567387 11.770762 65.38 
13.868370 11.372497 10.191736 65.38 
12.642886 16.244812 13.496815 65.38 
13.013641 12.527597 11.336619 65.38 
8.705275 6.931584 9.606479 15.999 
14.552014 8.726875 12.674800 15.999 
14.133070 14.490663 8.374328 15.999 
15.062390 7.571548 12.805449 15.999 
11.471784 6.318259 8.727938 1.00784 
6.706282 9.140947 10.221032 1.00784 
11.903487 11.671237 10.577263 1.00784 
9.126588 16.399265 13.804992 1.00784 
*
10.621305 9.430271 13.078081 1.00784 
11.306051 9.090358 10.731085 65.38 
11.072363 12.685772 11.644171 65.38 
13.974342 11.036862 9.944228 65.38 
12.801439 15.553537 13.308295 65.38 
13.155733 12.858293 11.331980 15.999 
8.549958 6.688402 8.957140 15.999 
14.260581 8.832174 12.030959 15.999 
14.592193 14.174681 7.766261 15.999 
14.940457 7.479188 12.805340 1.00784 
11.352284 6.344246 9.288771 1.00784 
6.318491 9.623808 10.023536 1.00784 
11.256357 11.709625 11.201976 1.00784 
9.541562 15.523534 14.650797 15.999 
*
11.006250 9.073515 12.397785 65.38 
11.287342 9.495139 10.372953 65.38 
10.596721 12.123218 11.751208 65.38 
13.545210 11.345496 10.530309 65.38 
13.084160 15.545543 12.754971 15.999 
13.774298 12.707334 11.227290 15.999 
9.316714 7.668524 9.864383 15.999 
14.164112 8.314675 12.568773 15.999 
14.829965 14.472443 7.813333 1.00784 
14.593463 7.282738 12.713669 1.00784 
11.150355 6.899855 8.986102 1.00784 
6.478629 9.755476 10.119202 1.00784 
11.830681 11.106396 11.354078 15.999 
10.195585 15.665162 14.267544 1.00784 
*
10.983917 8.934737 12.424720 65.38 
11.150500 9.463178 10.083051 65.38 
10.941309 12.610644 12.166502 65.38 
13.765968 10.756928 10.915614 15.999 
13.043681 16.069725 12.834814 15.999 
13.344726 12.578864 10.879776 15.999 
8.953966 7.619979 9.335341 15.999 
13.764496 9.027605 12.019464 1.00784 
15.029738 14.014191 7.906584 1.00784 
14.729724 7.451455 13.333375 1.00784 
10.932862 6.057898 9.434111 1.00784 
6.285831 9.224060 10.247153 15.999 
11.927705 11.280983 10.776776 1.00784 
9.057365 16.124629 14.150200 65.38 
*
10.810089 9.531441 12.830295 65.38 
11.289778 8.967104 10.813689 65.38 
10.888981 12.954841 11.400867 15.999 
13.345472 10.623542 10.291749 15.999 
13.187060 15.966071 13.203157 15.999 
13.285538 12.231000 10.921540 15.999 
9.585499 7.153099 8.999611 1.00784 
14.044919 8.750640 12.406234 1.00784 
15.083043 13.761977 8.633414 1.00784 
14.796059 7.469006 13.434538 1.00784 
11.276644 6.873719 9.101500 15.999 
6.600388 9.352345 10.879125 1.00784 
12.160472 11.928486 11.239960 65.38 
9.459238 16.150533 14.102949 65.38 
*
10.938503 9.632281 12.735045 65.38 
11.276746 9.273271 10.154742 15.999 
10.476067 12.138730 12.248140 15.999 
14.158928 10.919409 10.327145 15.999 
13.363049 16.077823 12.829358 15.999 
13.412905 12.393370 10.493939 1.00784 
8.912458 7.049250 9.554416 1.00784 
13.816387 8.975451 12.460539 1.00784 
14.586033 14.236040 7.976050 1.00784 
14.106366 7.728285 13.315596 15.999 
11.174664 6.428084 8.894247 1.00784 
6.656732 8.849955 9.961423 65.38 
11.304667 11.292600 11.131173 65.38 
9.865794 16.231602 13.981129 65.38 
*
11.016325 8.986336 12.896902 15.999 
11.284377 9.734008 10.381329 15.999 
10.308516 12.407200 11.459125 15.999 
14.216633 10.781854 10.477011 15.999 
12.735048 16.432784 12.728177 1.00784 
13.778663 12.378092 11.265798 1.00784 
8.652968 7.184467 9.578722 1.00784 
13.910929 8.209786 12.813638 1.00784 
14.289488 13.839114 8.555457 15.999 
14.899738 7.889754 12.895656 1.00784 
11.134517 6.539251 9.473541 65.38 
6.397779 9.638898 10.841099 65.38 
11.856940 11.819025 10.715299 65.38 
9.717292 16.000188 13.859226 65.38 
*
10.940498 8.979250 12.638990 15.999 
11.324142 9.611247 10.275630 15.999 
10.797738 12.775861 12.316357 15.999 
13.618964 10.596280 10.296652 1.00784 
13.366458 16.156788 12.987856 1.00784 
13.332713 12.273574 10.846895 1.00784 
8.918341 7.213285 9.020210 1.00784 
13.648529 8.313867 12.418938 15.999 
14.862636 14.830942 7.765084 1.00784 
14.461626 7.890536 12.809170 65.38 
10.967712 6.944251 8.683100 65.38 
5.985417 9.588895 10.270011 65.38 
11.888231 11.948492 11.114369 65.38 
8.932280 16.289081 13.663422 15.999 
*
10.779549 9.252918 12.728622 15.999 
11.539647 9.343228 10.130834 15.999 
11.019883 12.216986 12.076277 1.00784 
13.421209 10.806736 10.565697 1.00784 
12.540584 16.157956 13.578930 1.00784 
13.229910 12.721126 11.079487 1.00784 
9.150066 7.773191 9.039533 15.999 
14.347161 8.893241 12.168588 1.00784 
14.392909 14.420694 7.970565 65.38 
14.250970 7.170016 12.975954 65.38 
11.086736 7.009609 8.690442 65.38 
6.646856 9.611131 10.380957 65.38 
11.816019 11.923125 10.492897 15.999 
9.062599 16.035708 14.147441 15.999 
*
11.063868 9.678096 12.503967 15.999 
11.302636 8.802310 10.661157 1.00784 
10.825765 12.696740 11.730917 1.00784 
13.444606 10.867309 10.371729 1.00784 
13.412837 15.684194 13.483928 1.00784 
13.248513 12.798436 10.932980 15.999 
9.104040 7.478457 9.289865 1.00784 
14.323392 8.608554 12.461223 65.38 
14.518257 13.998089 8.273003 65.38 
14.876403 7.938197 13.404543 65.38 
10.920436 6.650470 9.030837 65.38 
6.742103 9.091047 10.047986 15.999 
11.219201 11.799246 11.196449 15.999 
9.364760 15.914009 14.422009 15.999 
*
11.271141 9.609852 12.351878 1.00784 
11.473030 8.537675 10.300981 1.00784 
10.772230 12.699948 12.161214 1.00784 
13.252743 10.655835 10.511123 1.00784 
12.908824 16.119191 13.762502 15.999 
13.369641 13.357135 11.225631 1.00784 
8.998340 7.718254 8.817642 65.38 
13.774829 9.210635 12.530315 65.38 
14.472174 14.082233 8.529068 65.38 
14.943653 7.784205 13.046734 65.38 
10.382669 6.409843 8.585064 15.999 
7.111865 9.459188 9.729471 15.999 
11.627421 11.962477 11.001431 15.999 
9.423452 15.741620 14.419851 15.999 
*
10.957562 9.901462 12.644375 1.00784 
10.994773 8.408775 10.336138 1.00784 
10.810727 12.735601 11.537502 1.00784 
13.452828 11.118445 10.589025 15.999 
14.058031 15.395774 13.890603 1.00784 
13.209411 12.576405 10.943695 65.38 
9.439456 7.205936 8.985201 65.38 
14.931638 8.342127 12.733162 65.38 
14.676795 13.995205 8.244302 65.38 
15.130293 7.703590 13.629833 15.999 
10.788674 6.890661 9.030277 15.999 
7.193682 8.874539 10.012788 15.999 
11.516194 11.479538 11.113349 15.999 
9.741044 16.245368 14.072060 1.00784 
*
10.924196 9.624203 12.969383 1.00784 
11.590331 8.402865 10.510150 1.00784 
11.109962 13.188328 11.274677 15.999 
13.451750 10.787294 10.484408 1.00784 
13.279729 16.055564 13.168983 65.38 
13.092018 12.476688 10.548935 65.38 
8.520946 7.966176 9.116560 65.38 
13.921006 8.511514 12.480291 65.38 
13.872149 14.032315 8.079406 15.999 
14.798702 8.010798 13.565158 15.999 
10.609346 6.317251 9.415084 15.999 
7.093876 9.530666 10.471638 15.999 
11.067499 11.402562 11.708832 1.00784 
9.116777 16.052298 14.217634 1.00784 
*
11.533702 9.568761 12.787206 1.00784 
11.091890 9.312559 10.922084 15.999 
10.592924 12.665317 11.720797 1.00784 
13.305836 10.551836 10.350059 65.38 
13.454189 15.559752 12.956989 65.38 
12.997744 12.800909 10.395196 65.38 
9.115335 7.160431 9.246208 65.38 
14.873106 8.812868 11.868457 15.999 
14.159927 14.537696 7.711246 15.999 
14.597031 7.845765 13.091245 15.999 
11.480197 6.948473 9.004087 15.999 
6.979362 8.689639 9.650023 1.00784 
11.233478 11.725591 10.934934 1.00784 
9.613129 15.768000 14.531055 1.00784 
*
10.888044 9.582031 12.566258 15.999 
11.583846 8.833085 10.808925 1.00784 
10.630816 12.808632 11.411285 65.38 
13.361343 10.596367 10.476027 65.38 
13.311594 15.576392 13.757095 65.38 
13.103628 12.913620 11.303000 65.38 
9.878730 7.746177 8.828825 15.999 
14.512094 8.785912 12.956351 15.999 
14.709262 13.463554 8.665410 15.999 
14.778932 7.912331 13.146076 15.999 
11.568964 6.157170 8.786571 1.00784 
7.166976 8.593322 10.197063 1.00784 
11.073313 12.212090 10.690414 1.00784 
9.584171 16.083045 14.116493 1.00784 
*
10.630374 9.371370 12.308612 1.00784 
11.859735 8.964954 10.571297 65.38 
10.900037 12.572358 11.114825 65.38 
13.625802 10.985992 11.035844 65.38 
12.822238 15.885738 13.863490 65.38 
13.390306 12.545679 11.073389 15.999 
9.678977 7.471407 9.078809 15.999 
14.238794 8.841492 13.030012 15.999 
14.509268 13.615503 8.788970 15.999 
14.901760 8.290053 13.381138 1.00784 
11.862471 5.594447 8.788041 1.00784 
7.255381 8.264257 10.613911 1.00784 
10.253694 12.189788 11.013275 1.00784 
9.760394 15.579644 14.565091 15.999 
*
10.936718 9.504625 12.101332 65.38 
11.323430 8.599979 11.043667 65.38 
10.805106 12.750255 11.731763 65.38 
13.361700 10.450796 10.208986 65.38 
13.418215 15.741342 13.800761 15.999 
12.743716 12.855112 11.420578 15.999 
9.956209 7.632866 8.573897 15.999 
14.236993 9.312770 13.358196 15.999 
14.528745 14.134825 8.265230 1.00784 
15.080408 8.495637 13.546117 1.00784 
11.573992 6.840179 8.408201 1.00784 
7.278278 8.535574 9.944862 1.00784 
11.475400 13.100071 11.102036 15.999 
10.036369 16.059690 14.202879 1.00784 
*
10.589317 9.831617 12.971037 65.38 
11.309662 9.035071 11.132338 65.38 
10.950061 12.619195 11.440235 65.38 
13.827380 10.776713 9.992225 15.999 
12.951518 14.893851 13.871609 15.999 
13.143948 12.831246 11.434159 15.999 
10.095259 7.164999 8.345668 15.999 
14.574446 8.539008 12.517776 1.00784 
14.343049 13.551779 9.122694 1.00784 
14.596954 7.500790 12.917513 1.00784 
12.013501 6.289402 8.567527 1.00784 
6.757224 8.707307 10.504060 15.999 
10.656148 11.962720 10.295002 1.00784 
9.981385 15.791704 14.562905 65.38 
*
10.596767 9.072940 12.488721 65.38 
11.281870 9.143332 10.662229 65.38 
11.099867 13.033320 11.836697 15.999 
13.535679 10.939170 10.322312 15.999 
13.427353 15.132530 13.911975 15.999 
12.745753 12.536153 11.134720 15.999 
10.282938 7.685703 9.189832 1.00784 
14.898381 8.482246 12.508840 1.00784 
15.208751 13.851173 9.093830 1.00784 
14.970484 7.461048 13.163211 1.00784 
11.845996 5.772484 8.481313 15.999 
7.694223 8.985835 10.579260 1.00784 
10.642758 11.923592 10.569372 65.38 
9.413099 15.540425 13.946932 65.38 
*
10.747636 9.182694 12.739138 65.38 
11.727243 8.962901 10.492728 15.999 
10.850880 12.610739 11.755952 15.999 
13.081073 10.727405 10.314211 15.999 
13.330914 15.315918 14.002424 15.999 
12.838670 12.974201 11.013859 1.00784 
9.653341 7.825682 8.619218 1.00784 
14.996333 9.224894 13.067046 1.00784 
14.897711 13.712566 8.349084 1.00784 
14.946894 7.692303 13.317929 15.999 
11.405666 6.217167 8.986602 1.00784 
7.753455 9.057938 9.721873 65.38 
11.264459 12.787947 10.839847 65.38 
9.468733 15.768876 13.836911 65.38 
*
11.080886 9.821088 13.027870 15.999 
11.595841 8.783037 10.676193 15.999 
10.470306 13.043636 11.284305 15.999 
13.469797 10.352616 10.213074 15.999 
13.047529 15.158460 13.662954 1.00784 
13.001583 12.706857 11.735109 1.00784 
9.537921 7.679154 8.794724 1.00784 
14.835000 8.262773 13.342375 1.00784 
14.948757 13.845267 8.499250 15.999 
14.332876 8.255277 12.710987 1.00784 
11.401353 5.773550 9.080960 65.38 
6.660032 8.177835 9.917980 65.38 
10.916998 12.604041 10.356808 65.38 
9.468271 15.705534 14.375636 65.38 
*
10.644367 9.321820 12.903262 15.999 
11.261709 8.937583 11.138187 15.999 
10.927311 12.984299 10.956922 15.999 
13.965939 10.550542 10.288305 1.00784 
13.170278 16.023958 13.322582 1.00784 
12.900879 13.196634 10.721885 1.00784 
9.931630 7.578226 9.169573 1.00784 
14.275738 8.932822 13.057789 15.999 
15.053536 13.570306 8.980993 1.00784 
14.614884 7.943176 13.437296 65.38 
12.154991 6.112029 9.082009 65.38 
7.027571 8.495324 10.084463 65.38 
10.612189 11.856339 10.771838 65.38 
9.730721 15.762430 14.260382 15.999 
*
10.420101 8.945971 12.590412 15.999 
11.644628 8.649652 11.328565 15.999 
11.224995 13.158784 10.878635 1.00784 
13.860723 10.778550 10.543292 1.00784 
12.980201 15.607216 13.190254 1.00784 
12.536178 13.650866 11.184638 1.00784 
9.379662 8.030331 9.512081 15.999 
14.420791 8.899820 12.745798 1.00784 
14.948269 13.114149 8.961108 65.38 
14.054044 8.080486 13.115602 65.38 
12.113811 6.026994 9.206363 65.38 
7.364666 8.429151 10.226766 65.38 
10.149075 12.183878 10.263169 15.999 
9.528280 15.429185 13.805397 15.999 
*
10.574386 9.003846 12.732953 15.999 
11.438470 9.077928 11.335170 1.00784 
10.541364 13.198550 11.340787 1.00784 
14.182883 10.735370 9.769209 1.00784 
13.007072 16.045811 13.583488 1.00784 
12.522777 12.639971 10.523997 15.999 
9.853605 7.133402 9.177859 1.00784 
14.370373 8.609640 13.395832 65.38 
15.060091 13.477824 9.046529 65.38 
14.781791 8.068362 13.862768 65.38 
11.854490 6.125702 9.496828 65.38 
7.592382 8.482446 10.161291 15.999 
11.027161 12.026679 10.782271 15.999 
10.077240 15.479889 14.098608 15.999 
*
10.779207 9.704457 12.885484 1.00784 
11.016234 8.444699 11.596998 1.00784 
10.850248 12.866894 10.764156 1.00784 
14.336540 10.529498 10.073553 1.00784 
13.219003 16.437645 13.568951 15.999 
12.819114 13.216973 10.461245 1.00784 
9.815605 7.740536 8.989769 65.38 
13.908278 8.902716 13.342761 65.38 
14.551459 13.572002 8.622569 65.38 
14.302940 7.683547 13.395604 65.38 
12.035894 5.918462 9.367467 15.999 
7.173602 8.595662 10.317064 15.999 
10.554110 12.258534 10.583214 15.999 
9.315516 16.068727 14.515692 15.999 
*
10.152142 8.902996 12.858981 1.00784 
11.467696 9.139968 10.973939 1.00784 
11.434770 13.177103 10.701284 1.00784 
13.866169 10.715345 10.481218 15.999 
13.128956 15.786925 13.649970 1.00784 
13.166192 12.690328 10.751455 65.38 
9.763291 7.142626 9.560794 65.38 
14.118250 9.091938 12.633837 65.38 
15.442697 13.712169 8.645829 65.38 
14.544258 8.226074 13.451406 15.999 
12.544912 5.834252 8.896295 15.999 
6.971938 8.497000 10.188575 15.999 
10.397275 12.120273 11.295562 15.999 
10.075156 15.399548 13.944362 1.00784 
*
10.508280 9.502431 13.021868 1.00784 
11.205560 8.747810 11.066521 1.00784 
10.812344 12.423161 10.958553 15.999 
13.951675 10.841546 10.525883 1.00784 
13.262226 16.040984 13.076381 65.38 
13.084166 13.017627 10.906484 65.38 
9.826014 7.797621 9.408290 65.38 
14.841195 8.516529 13.002753 65.38 
14.946636 13.973535 8.873686 15.999 
15.003778 7.558904 12.749142 15.999 
12.566694 5.991553 8.576167 15.999 
7.130631 8.630779 9.654073 15.999 
10.890389 12.628278 10.101542 1.00784 
10.158306 15.741019 14.071290 1.00784 
*
10.830250 8.897001 13.220338 1.00784 
11.371835 8.495094 11.335139 15.999 
10.654845 13.200206 11.005419 1.00784 
13.918567 11.056911 10.036385 65.38 
13.710072 16.354786 13.077966 65.38 
13.057696 12.822504 10.257396 65.38 
9.821132 7.759819 8.881557 65.38 
13.985693 9.125388 13.335561 15.999 
14.821007 13.899387 9.279284 15.999 
14.723162 7.797154 13.039317 15.999 
12.264714 5.960753 9.013902 15.999 
7.162132 8.735498 9.959247 1.00784 
10.387548 12.059584 10.435307 1.00784 
9.434695 15.720496 13.906639 1.00784 
*
10.491359 8.600584 13.484117 15.999 
11.644576 8.155316 11.345405 1.00784 
10.810831 13.070926 10.275615 65.38 
14.202340 11.511661 10.291394 65.38 
13.178233 16.613098 12.672135 65.38 
13.183692 12.847841 10.455797 65.38 
9.484370 7.876610 8.635329 15.999 
13.832767 9.571449 13.607724 15.999 
14.657055 13.708739 8.862407 15.999 
15.073278 7.698859 12.676933 15.999 
12.324362 6.431231 8.758693 1.00784 
6.790527 8.324065 10.262388 1.00784 
10.012819 12.305752 10.914918 1.00784 
9.636486 15.991417 13.747896 1.00784 
*
10.791339 8.815967 13.552245 1.00784 
10.922104 8.935804 11.119412 65.38 
10.605188 12.846087 11.170696 65.38 
14.361956 11.162738 9.884437 65.38 
13.787731 16.447941 12.708040 65.38 
13.002649 12.909697 9.964581 15.999 
9.544643 7.484187 9.191813 15.999 
14.342040 8.688753 13.627284 15.999 
15.086649 13.975115 9.289081 15.999 
14.668901 7.751190 13.125374 1.00784 
12.568798 6.029534 8.921491 1.00784 
6.974323 8.424548 10.405729 1.00784 
10.570382 11.987343 10.147963 1.00784 
8.918561 16.033177 13.759043 15.999 
*
10.954690 9.161752 12.867107 65.38 
11.173071 8.503940 11.572280 65.38 
10.767267 13.261923 10.945365 65.38 
14.075021 10.534813 10.111976 65.38 
13.503128 16.675243 13.466409 15.999 
12.906010 12.303338 10.206152 15.999 
10.147502 7.968487 9.119441 15.999 
14.195167 9.511467 12.970041 15.999 
14.281293 13.415568 8.888974 1.00784 
14.594432 7.869905 13.568985 1.00784 
11.665269 5.529570 8.839474 1.00784 
7.170810 8.858933 10.227199 1.00784 
9.803008 12.331597 10.550218 15.999 
9.254156 15.898566 13.510658 1.00784 
*
11.145866 9.285581 13.046636 65.38 
11.050244 8.120775 11.448090 65.38 
10.592775 13.820190 10.861744 65.38 
13.777946 10.240624 10.266089 15.999 
13.631837 16.904169 13.050364 15.999 
13.187033 11.953581 10.532353 15.999 
10.639624 8.174532 8.553221 15.999 
14.384548 9.555168 12.745069 1.00784 
14.417610 13.612104 9.245060 1.00784 
15.135934 8.111330 13.440134 1.00784 
12.233332 5.277119 8.416090 1.00784 
7.146518 8.678500 9.816232 15.999 
10.065847 12.323742 10.791071 1.00784 
9.390882 16.396568 13.859746 65.38 
*
10.459571 9.205695 12.583701 65.38 
11.839407 8.421402 11.817691 65.38 
10.249907 13.478533 11.305506 15.999 
14.028805 10.536575 9.909923 15.999 
13.343596 16.603545 13.637466 15.999 
12.577511 11.933029 10.318307 15.999 
10.512361 7.382025 8.742904 1.00784 
14.678380 9.532916 12.980637 1.00784 
14.099358 12.923076 8.506529 1.00784 
14.910209 7.842491 12.983718 1.00784 
11.916902 5.334514 8.836925 15.999 
7.575051 8.216914 10.467435 1.00784 
10.545791 12.441630 10.129539 65.38 
9.039733 15.254781 13.801455 65.38 
*
11.180860 9.268214 12.560918 65.38 
11.365531 8.250490 11.854736 15.999 
10.244819 13.499439 11.195877 15.999 
13.681721 10.435653 10.278949 15.999 
14.005460 17.029342 12.887665 15.999 
12.784528 11.949650 9.881760 1.00784 
10.508854 8.086981 8.897783 1.00784 
14.418381 9.243785 12.435408 1.00784 
14.397427 13.185549 9.001888 1.00784 
15.001915 8.041971 13.207031 15.999 
11.561663 5.456083 8.239906 1.00784 
7.667181 8.842347 9.810873 65.38 
10.391610 12.148547 10.532548 65.38 
9.151339 15.859032 13.418574 65.38 
*
10.548119 8.965654 12.876569 15.999 
11.502139 8.113028 11.464706 15.999 
10.596502 13.736041 11.126485 15.999 
14.298914 10.952726 9.966186 15.999 
13.865578 16.664025 13.593414 1.00784 
12.443261 11.829471 9.827583 1.00784 
9.657754 7.547487 9.064502 1.00784 
14.175334 9.392811 12.804985 1.00784 
14.146943 13.797449 9.354583 15.999 
14.652957 7.338021 13.633498 1.00784 
12.038856 5.674810 8.511045 65.38 
7.117560 9.082884 10.241171 65.38 
10.221019 12.300742 11.105352 65.38 
9.174842 15.681400 13.448138 65.38 
*
10.517894 9.270480 13.147317 15.999 
11.428102 8.717722 11.590220 15.999 
11.132797 13.343396 10.750280 15.999 
14.052671 10.089949 9.897146 1.00784 
13.148287 16.712474 13.015417 1.00784 
12.766130 11.823972 10.564973 1.00784 
10.605450 7.710398 8.992031 1.00784 
14.083883 9.898830 13.065886 15.999 
14.137741 13.586935 8.460438 1.00784 
14.180613 7.606509 13.911184 65.38 
11.242293 5.252532 9.172301 65.38 
6.727668 8.793766 10.311422 65.38 
9.539899 12.644808 10.907515 65.38 
8.922122 16.292689 13.139870 15.999 
*
10.963833 8.839440 12.536504 15.999 
11.522311 8.921458 11.637600 15.999 
10.339998 13.703272 10.656941 1.00784 
13.672263 10.107510 10.577734 1.00784 
13.815671 16.395384 13.475959 1.00784 
13.243442 12.374801 10.157835 1.00784 
10.301111 7.933277 9.581460 15.999 
14.291124 9.224161 13.161587 1.00784 
14.498223 13.109659 8.441338 65.38 
14.537029 7.602881 13.424471 65.38 
11.430764 5.730745 8.542851 65.38 
7.247287 8.875768 10.207010 65.38 
10.361900 12.598336 10.336727 15.999 
9.745781 16.234750 13.735479 15.999 
*
10.961839 9.515114 13.230258 15.999 
10.889414 8.913921 11.572612 1.00784 
10.892512 12.990560 10.317350 1.00784 
13.903259 10.014287 10.280469 1.00784 
14.178206 16.922416 13.097914 1.00784 
12.860358 11.814222 10.427057 15.999 
10.360346 8.372162 9.105334 1.00784 
14.763716 9.762823 13.239949 65.38 
14.193485 13.061337 8.465709 65.38 
14.336237 8.142324 13.402505 65.38 
12.045760 5.385124 9.031811 65.38 
7.014076 9.117106 10.339158 15.999 
9.752957 11.998623 10.585158 15.999 
9.186040 16.233945 13.143906 15.999 
*
10.927964 9.816258 13.234816 1.00784 
10.574654 9.118874 11.948705 1.00784 
11.127432 12.749574 10.257851 1.00784 
14.052500 9.580016 10.123430 1.00784 
13.708887 16.464310 12.853528 15.999 
12.838859 12.184276 10.572505 1.00784 
10.656340 8.491478 8.688183 65.38 
14.561548 10.107219 13.577536 65.38 
13.745791 13.143510 8.020368 65.38 
13.783769 8.363508 13.148466 65.38 
11.490467 5.000694 9.088427 15.999 
6.929629 9.523736 10.416405 15.999 
9.751974 11.947234 10.236171 15.999 
8.895356 15.956441 13.214404 15.999 
*
11.169625 9.848192 13.481696 1.00784 
10.798389 8.707489 11.739447 1.00784 
10.933920 12.979075 9.878714 1.00784 
14.072434 9.731641 10.668155 15.999 
13.740753 17.058624 12.884909 1.00784 
12.682195 12.041182 9.951242 65.38 
10.263937 8.129703 8.800852 65.38 
14.380371 9.732536 13.049184 65.38 
13.918512 12.893421 8.364078 65.38 
13.907197 8.380230 13.872241 15.999 
11.823135 5.534858 8.520393 15.999 
6.594541 9.468862 10.624183 15.999 
9.671248 12.398576 10.228613 15.999 
9.422089 16.303912 13.154773 1.00784 
*
11.413563 9.581452 13.446017 1.00784 
11.081851 8.811222 11.392100 1.00784 
10.556972 13.093184 10.384791 15.999 
14.109242 9.904835 10.485072 1.00784 
14.022042 17.289423 13.268289 65.38 
12.234247 11.710473 9.702224 65.38 
10.068670 8.047025 9.007997 65.38 
14.130619 10.055555 13.509074 65.38 
13.498766 13.132913 8.318463 15.999 
14.206870 8.058374 13.502128 15.999 
11.695688 5.101218 8.446925 15.999 
6.654764 9.596760 10.840650 15.999 
9.443536 11.952798 9.961720 1.00784 
8.949021 16.163175 13.208684 1.00784 
*
10.861602 10.066019 13.124201 1.00784 
11.173711 8.561889 11.358923 15.999 
10.311668 12.781722 10.471405 1.00784 
14.418552 9.897780 11.077742 65.38 
14.016157 17.063539 12.690610 65.38 
12.669241 11.804781 10.341527 65.38 
10.186347 8.095884 8.566943 65.38 
14.128989 9.715816 13.178616 15.999 
13.868704 13.221429 7.964144 15.999 
13.864076 8.390893 13.470696 15.999 
11.922724 5.143164 8.759421 15.999 
7.035266 9.412017 10.238182 1.00784 
10.156296 12.520739 9.817606 1.00784 
9.303496 15.953078 13.289697 1.00784 
*
10.863581 10.222966 13.259908 15.999 
11.403909 8.633393 11.045460 1.00784 
10.163211 12.770018 10.045054 65.38 
14.241410 9.520650 11.107053 65.38 
13.993265 16.823939 12.230857 65.38 
12.866502 11.982975 10.275825 65.38 
10.199082 8.345601 8.934196 15.999 
13.802825 9.938526 13.625486 15.999 
13.748976 12.840329 7.951413 15.999 
14.128850 7.964450 13.754275 15.999 
11.703923 4.701162 9.024399 1.00784 
7.362171 9.803724 9.972003 1.00784 
10.343623 12.685105 10.684670 1.00784 
9.590301 15.784011 13.696320 1.00784 
*
10.495121 9.729875 12.894501 1.00784 
11.547341 8.871814 11.794051 65.38 
10.104164 12.593750 10.541572 65.38 
14.545534 10.315113 10.954941 65.38 
13.660052 17.289647 12.648683 65.38 
12.338101 11.432932 10.150407 15.999 
10.147206 7.544042 8.472450 15.999 
14.524028 9.837521 13.176218 15.999 
13.558622 12.893454 7.916000 15.999 
14.170073 8.340408 13.062762 1.00784 
11.955736 5.093277 8.976502 1.00784 
7.220469 8.994716 10.575030 1.00784 
10.451083 12.269807 9.505132 1.00784 
9.331969 15.976119 13.510151 15.999 
*
11.181604 9.686238 12.852937 65.38 
10.902378 8.847583 11.122148 65.38 
10.332518 13.041336 10.690920 65.38 
14.170719 9.636074 11.517619 65.38 
14.070219 17.156412 12.472498 15.999 
12.713039 11.621031 10.601071 15.999 
10.716291 8.505215 8.197831 15.999 
14.135128 9.562172 12.980387 15.999 
13.740927 12.997396 8.445335 1.00784 
13.995527 8.622205 13.846621 1.00784 
12.255398 4.961188 8.975148 1.00784 
6.957316 9.469733 10.739360 1.00784 
10.191158 12.728253 9.655411 15.999 
9.169621 15.703016 12.880452 1.00784 
*
10.550280 9.790916 13.487100 65.38 
11.507465 8.928314 11.390791 65.38 
10.678355 12.623189 9.708791 65.38 
14.087225 9.652268 11.388468 15.999 
14.142741 16.832845 12.986494 15.999 
12.966058 11.830842 9.904561 15.999 
10.155267 7.845194 8.533651 15.999 
14.223901 10.062602 12.911616 1.00784 
13.923800 13.365586 8.298809 1.00784 
13.567335 8.559287 13.421614 1.00784 
11.660275 5.609604 8.823365 1.00784 
7.293765 9.797643 9.923067 15.999 
9.842446 13.259234 9.851093 1.00784 
8.657752 15.620544 13.093481 65.38 
*
10.718251 9.940480 12.972658 65.38 
11.314718 8.287708 11.371799 65.38 
10.685464 12.640105 10.206241 15.999 
14.212473 9.737151 11.304058 15.999 
13.795773 17.150382 12.567482 15.999 
12.449239 11.950083 10.224165 15.999 
9.689496 8.703861 8.417431 1.00784 
13.986818 9.873159 12.896098 1.00784 
13.554874 13.148870 7.593694 1.00784 
14.233739 8.871258 14.019832 1.00784 
12.183991 5.791251 8.880840 15.999 
6.617397 9.800333 10.734129 1.00784 
10.526920 13.464965 10.428419 65.38 
9.643471 16.370964 13.465812 65.38 
*
11.220697 10.257012 13.292195 65.38 
10.926405 8.509347 11.583641 15.999 
10.622240 12.252234 10.023127 15.999 
14.206428 10.315021 11.262187 15.999 
13.810538 17.233583 12.900724 15.999 
13.021649 11.764870 10.237905 1.00784 
10.140029 8.205949 8.200344 1.00784 
13.766377 9.661518 13.323526 1.00784 
14.085114 13.287688 8.163314 1.00784 
13.439434 8.457112 13.695857 15.999 
11.427258 4.818536 8.873521 1.00784 
7.245557 9.599472 10.466085 65.38 
9.865941 12.093626 9.265793 65.38 
9.661276 15.972419 12.717158 65.38 
*
10.859210 9.903930 13.094618 15.999 
10.941740 8.552867 11.737041 15.999 
10.661683 12.499828 9.781322 15.999 
14.431283 9.874929 11.386788 15.999 
14.337249 16.758962 12.934046 1.00784 
12.500464 11.846622 9.869821 1.00784 
9.926860 8.453698 8.859414 1.00784 
13.972906 10.089167 13.427106 1.00784 
13.569320 13.215167 7.924598 15.999 
13.993686 8.166283 13.436901 1.00784 
11.407595 5.499703 8.736945 65.38 
7.008852 9.804911 10.030803 65.38 
10.112504 13.286136 9.368845 65.38 
9.618996 15.797786 12.837277 65.38 
*
11.058465 10.016571 13.161869 15.999 
11.414651 8.583548 11.037722 15.999 
10.399770 13.136889 10.642206 15.999 
14.047955 9.651072 10.981836 1.00784 
13.671406 16.742499 13.149087 1.00784 
12.299628 11.345314 10.600230 1.00784 
9.790549 8.583142 8.858957 1.00784 
14.345120 10.159416 12.863680 15.999 
13.885438 13.136806 8.598049 1.00784 
13.840828 7.918324 13.499522 65.38 
11.532275 5.436314 9.355444 65.38 
6.664607 9.266205 10.367661 65.38 
10.346197 12.278932 9.741509 65.38 
9.477016 15.831736 13.821655 15.999 
*
10.941517 10.014344 13.056036 15.999 
11.373349 8.685458 11.797143 15.999 
10.200129 12.988286 10.217358 1.00784 
14.613885 9.689173 10.831886 1.00784 
13.555949 17.232549 12.746150 1.00784 
12.496022 11.642400 10.681977 1.00784 
10.053452 7.949005 8.486664 15.999 
13.798082 9.956883 13.440942 1.00784 
14.175267 13.658021 8.165613 65.38 
13.818225 8.408814 13.655741 65.38 
12.121182 5.649893 9.034422 65.38 
6.850180 9.039106 9.982561 65.38 
9.824251 12.299201 9.556479 15.999 
9.653216 15.788344 13.702967 15.999 
*
10.525380 9.928547 13.427215 15.999 
11.418870 8.510768 11.737284 1.00784 
10.708933 12.830761 9.765022 1.00784 
14.030281 10.080109 10.864124 1.00784 
14.488607 16.544919 12.879408 1.00784 
12.734648 11.863753 10.032503 15.999 
10.483056 8.255226 8.489737 1.00784 
13.808965 9.691747 12.975686 65.38 
13.468497 13.604471 7.441297 65.38 
13.964651 8.615872 13.896998 65.38 
11.647957 5.574042 8.336522 65.38 
7.154375 9.430506 10.230281 15.999 
10.256614 12.604815 10.240213 15.999 
9.618478 15.574483 13.370948 15.999 
*
11.195756 10.160123 13.333474 1.00784 
10.891285 8.851395 11.558329 1.00784 
9.975686 13.193217 9.858631 1.00784 
14.510505 9.403597 11.049734 1.00784 
14.068948 16.737553 12.807508 15.999 
12.660369 11.941290 10.129285 1.00784 
10.393261 7.915889 8.808901 65.38 
13.765260 9.335986 12.742943 65.38 
13.838118 12.882550 7.530009 65.38 
13.550369 8.364811 13.324687 65.38 
12.040524 5.366441 9.238382 15.999 
7.500490 9.004298 10.122004 15.999 
10.569281 12.332535 10.278429 15.999 
9.505837 15.796940 13.271226 15.999 
*
11.117677 10.093260 13.370642 1.00784 
11.163949 9.016553 11.258436 1.00784 
9.771793 12.739295 10.640358 1.00784 
14.483825 9.603963 10.810483 15.999 
14.258408 17.144753 12.761392 1.00784 
12.892986 11.781422 10.221409 65.38 
10.300337 8.146725 8.510463 65.38 
13.784548 9.409221 13.207696 65.38 
13.945650 13.762640 8.210417 65.38 
14.104115 8.801842 13.191259 15.999 
11.818959 5.761834 8.345258 15.999 
7.044639 9.174112 9.695088 15.999 
10.366939 12.131670 9.671013 15.999 
9.719690 16.465438 13.218099 1.00784 
*
10.818396 9.762118 13.371614 1.00784 
11.312103 8.584214 11.454084 1.00784 
10.412055 12.545278 9.841828 15.999 
13.870036 10.177963 10.835584 1.00784 
14.421916 17.260307 12.487158 65.38 
12.904155 11.565153 10.674764 65.38 
10.178042 8.150237 8.519963 65.38 
14.203323 9.731947 13.348366 65.38 
13.675766 12.725192 7.874903 15.999 
13.712091 8.350114 13.635404 15.999 
11.997983 5.274980 8.622287 15.999 
7.327544 9.129290 10.133504 15.999 
10.631108 13.000099 10.643014 1.00784 
9.072417 15.689339 13.534872 1.00784 
*
10.786826 9.764905 13.260821 1.00784 
11.011360 8.716590 11.555020 15.999 
10.043216 12.724701 10.147083 1.00784 
14.451960 10.024529 10.968787 65.38 
14.053637 17.373921 12.565347 65.38 
12.842333 11.640341 9.884744 65.38 
10.325742 8.499199 8.541133 65.38 
14.565186 10.086115 13.230126 15.999 
14.263552 13.069144 7.964468 15.999 
13.592433 8.566049 13.201885 15.999 
11.905912 5.082641 8.251825 15.999 
7.403654 9.104345 10.190148 1.00784 
10.667541 12.148206 10.224082 1.00784 
9.579747 15.676774 13.246039 1.00784 
*
10.920116 10.127205 12.958568 15.999 
10.758069 8.520571 11.536154 1.00784 
10.444150 12.815032 9.861616 65.38 
14.408676 9.740347 11.031098 65.38 
14.485992 17.211224 12.652086 65.38 
12.711105 11.826814 10.708184 65.38 
10.135821 7.971846 8.761963 15.999 
13.736742 9.999588 13.087603 15.999 
13.947943 13.659603 8.640888 15.999 
14.098347 8.617871 13.772274 15.999 
11.905228 5.414029 8.689239 1.00784 
7.311851 9.083303 10.638044 1.00784 
10.721228 12.511654 10.777926 1.00784 
9.077963 16.447430 13.871456 1.00784 
*
10.617797 9.658840 13.008158 1.00784 
10.821112 8.407274 11.251874 65.38 
10.856911 13.290272 10.378625 65.38 
14.434511 9.897378 10.881458 65.38 
14.093479 17.289845 13.136513 65.38 
12.951297 12.236341 10.824649 15.999 
9.992563 8.231221 8.849726 15.999 
14.041388 10.035988 13.463364 15.999 
13.815508 13.648760 8.379080 15.999 
13.919670 7.899550 13.694266 1.00784 
12.159011 5.077737 8.731541 1.00784 
6.691039 9.400479 10.350798 1.00784 
10.318527 11.957598 9.980802 1.00784 
9.321076 16.060335 13.093742 15.999 
*
10.455753 9.823484 12.988115 65.38 
11.065085 8.865617 11.483415 65.38 
10.273753 12.454660 10.647832 65.38 
14.967546 9.928607 11.032090 65.38 
13.692876 17.322334 12.339597 15.999 
13.153983 11.914222 10.688174 15.999 
9.873521 8.539217 8.337631 15.999 
14.273576 9.673956 13.244948 15.999 
14.071803 13.487241 7.896851 1.00784 
13.853755 8.253221 13.810436 1.00784 
12.140870 5.350803 9.011196 1.00784 
6.807125 9.239677 9.901015 1.00784 
10.130346 12.476904 9.520327 15.999 
8.974098 15.777347 13.592078 1.00784 
*
10.680151 10.252691 13.195715 65.38 
11.230131 8.273321 11.384685 65.38 
10.751288 12.987552 10.450586 65.38 
14.427324 9.778810 10.882628 15.999 
13.519405 17.136339 12.639661 15.999 
12.397008 11.825617 10.590120 15.999 
9.768352 8.409116 8.762219 15.999 
14.417280 9.527532 13.213682 1.00784 
13.473910 13.224513 7.412626 1.00784 
13.877845 8.458094 13.327617 1.00784 
11.896422 5.462264 8.432088 1.00784 
6.716223 9.626535 9.882695 15.999 
10.041988 12.396159 9.799618 1.00784 
9.193775 16.383072 12.621036 65.38 
*
10.536961 10.312029 12.921835 65.38 
11.417793 8.217548 11.694552 65.38 
10.419521 12.377779 10.277578 15.999 
14.136928 9.979596 10.791925 15.999 
14.155006 16.767444 12.529275 15.999 
12.822615 11.879391 10.719366 15.999 
10.153801 8.662404 9.151110 1.00784 
14.548507 9.379330 12.987527 1.00784 
13.353181 13.021384 8.110049 1.00784 
13.540745 8.057390 13.329742 1.00784 
11.816716 5.099673 8.479554 15.999 
7.246683 9.365997 9.860193 1.00784 
10.441974 13.425889 10.159152 65.38 
8.894822 16.087145 13.545446 65.38 
*
11.086388 9.768153 12.959416 65.38 
11.060145 8.248047 11.681895 15.999 
10.431632 12.709974 10.479073 15.999 
14.340054 10.384494 10.884452 15.999 
13.998498 17.017723 12.193148 15.999 
12.634982 12.263248 9.865876 1.00784 
9.872648 8.302848 8.593551 1.00784 
14.291243 9.822152 12.958703 1.00784 
13.398876 13.048279 8.106212 1.00784 
13.453983 8.826898 13.177538 15.999 
11.906568 5.475947 9.007274 1.00784 
6.955350 9.197149 10.191894 65.38 
10.207238 12.602202 10.485252 65.38 
9.513544 16.168521 13.737682 65.38 
*
11.208818 9.804534 13.058256 15.999 
11.444372 8.594517 11.452690 15.999 
9.755156 12.996105 9.957626 15.999 
14.079864 10.053272 11.062552 15.999 
13.869905 17.336114 13.252594 1.00784 
13.036750 11.418230 10.102966 1.00784 
10.211641 7.618837 8.961709 1.00784 
14.275345 9.850776 13.106086 1.00784 
14.234693 13.127200 8.279861 15.999 
13.410537 8.406825 13.859661 1.00784 
11.898050 5.071725 8.933411 65.38 
7.226116 9.294199 10.017753 65.38 
10.328649 12.560836 10.332378 65.38 
9.212796 15.393834 13.307713 65.38 
*
10.704055 10.074468 13.508844 15.999 
11.046464 8.581761 11.255718 15.999 
10.471725 13.017694 10.471860 15.999 
14.136911 9.863821 10.739804 1.00784 
14.271021 17.395597 12.307632 1.00784 
12.703669 11.169385 10.577294 1.00784 
10.376007 8.413704 8.711632 1.00784 
14.757472 9.387239 13.490315 15.999 
13.935424 13.264055 7.835982 1.00784 
14.498285 8.588171 13.688021 65.38 
11.588275 5.497372 8.991287 65.38 
6.813306 9.603245 9.951512 65.38 
10.534899 12.101537 9.615105 65.38 
9.341594 15.595795 12.962108 15.999 
*
10.757748 10.103372 13.511733 15.999 
11.360878 8.842963 11.402147 15.999 
10.037450 13.091220 10.024163 1.00784 
14.539946 9.876593 11.167184 1.00784 
13.756427 16.506824 12.834669 1.00784 
12.373789 11.250726 10.104598 1.00784 
9.927889 7.528790 8.176049 15.999 
14.280696 9.230425 13.379561 1.00784 
13.701605 13.220611 8.068660 65.38 
13.583336 7.924623 13.063755 65.38 
11.608850 5.192717 8.991985 65.38 
6.628913 9.042360 10.463902 65.38 
10.655623 12.453262 9.540454 15.999 
9.447687 15.427913 13.093596 15.999 
*
10.516702 10.498207 13.050517 15.999 
10.827379 8.161871 11.536129 1.00784 
10.701131 12.915287 10.863444 1.00784 
14.413829 9.700079 10.753509 1.00784 
13.748518 17.178330 12.250648 1.00784 
13.046856 11.783625 10.780585 15.999 
9.982837 7.860967 8.675043 1.00784 
14.585242 9.470211 12.848827 65.38 
14.491157 13.056011 7.718290 65.38 
13.649370 8.316537 13.288291 65.38 
11.776354 5.349194 8.508908 65.38 
6.818528 9.367893 9.834738 15.999 
10.823570 12.863078 9.472974 15.999 
9.775403 15.655539 13.186234 15.999 
*
11.309855 10.159114 13.603937 1.00784 
10.684542 8.677726 11.236008 1.00784 
10.349428 12.779606 10.315520 1.00784 
14.368423 9.936825 10.789015 1.00784 
13.615958 17.304733 12.880743 15.999 
13.025495 11.998784 9.964830 1.00784 
10.033203 7.985968 8.529648 65.38 
13.640676 9.297640 13.404242 65.38 
13.923640 12.967908 7.685687 65.38 
13.975502 8.351068 13.657892 65.38 
12.295700 5.425611 9.018343 15.999 
6.663527 8.831767 10.181498 15.999 
10.681498 11.962850 9.870839 15.999 
9.741604 15.491981 13.494615 15.999 
*
11.262148 10.342694 12.817455 1.00784 
10.729427 8.836810 11.810895 1.00784 
10.172249 12.681287 9.852746 1.00784 
14.824615 9.788204 11.365647 15.999 
14.127218 17.088677 12.993438 1.00784 
12.566273 11.194526 9.897652 65.38 
9.845937 8.286687 8.141071 65.38 
13.874666 9.652849 12.831310 65.38 
13.488162 13.189210 7.911771 65.38 
14.126326 8.083964 13.124895 15.999 
11.875009 4.699496 8.448380 15.999 
7.010295 9.772667 10.552484 15.999 
9.890522 11.836203 10.560943 15.999 
8.924843 16.065456 13.392661 1.00784 
*
10.925249 9.808011 13.434798 1.00784 
11.407292 8.506916 11.374907 1.00784 
10.335981 12.798844 9.983567 15.999 
14.154564 10.037283 10.778816 1.00784 
14.194342 16.997397 12.542561 65.38 
12.234128 11.731919 9.894039 65.38 
9.842999 7.851874 9.075447 65.38 
14.111499 10.246900 13.131870 65.38 
13.919891 13.539300 8.427826 15.999 
13.802419 8.863951 13.076640 15.999 
11.628853 5.212848 8.800144 15.999 
6.912193 9.470208 10.594217 15.999 
10.392234 12.764198 10.603430 1.00784 
9.071598 15.915518 13.683704 1.00784 
*
